11 0.1648155405171622 0.12903682437223163 0.04640947704070914 0.04651094420061818 0.05927767581692135 0.033792730212764265 0.12944949363181682 0.02145393113541129 0.043314277442445176 0.05961601588683578 0.021463576706612635 0.029541597031511792 0.02152000685457096 0.08206281631289357 0.029514771524455623 0.08222032131303947
12 0.2111474688529074 0.1572063648693331 0.034403722193219674 0.034497450693306196 0.046208427160403964 0.021270018865958112 0.15787557981815323 0.01241264427726332 0.028681442344866113 0.046517901528176336 0.012445667564031586 0.020185398322280293 0.01247894374505918 0.09212962098751655 0.020162045530899977 0.09237730324662502
13 0.25750882039692696 0.18392491592166652 0.02150026695357439 0.02157757790340093 0.030102003057555872 0.010591775836527944 0.18503280302095465 0.005781529397954838 0.014895103981243371 0.03034432294416565 0.005831082973088222 0.011879088932157113 0.005843735476285067 0.10146056013152856 0.011860432922739094 0.10186598015023086
14 0.2937193568028867 0.20184493143155197 0.01190808363802969 0.01196206104337683 0.01732832547298547 0.004559092940330399 0.20344666980742673 0.0023367717861945804 0.006666188582278912 0.017490618373393437 0.0023764703663419614 0.006235337590529039 0.002378846127123821 0.10547605654990871 0.00622268636777426 0.10604850311986752
15 0.3293358423194655 0.21478987596470026 0.00427192758263857 0.00430038574377884 0.0065501172363842475 0.0010828051716969638 0.21733783612169763 5.051292034728484E-4 0.001669856002080798 0.006631871672973576 5.21139997591889E-4 0.0020697195346770386 5.212402727572838E-4 0.10374697908794181 0.002063410016883874 0.10460186407125881
16 0.3592654740872016 0.21995333194954325 8.790636073996791E-4 8.885210925546051E-4 0.0014358373245203508 1.1908993106737555E-4 0.22414166536957048 4.8259332029414725E-5 1.960459701199029E-4 0.0014626843596313474 5.1007279843854085E-5 3.805615101744907E-4 5.101571707426543E-5 0.09474690303404597 3.786646632528396E-4 0.09600187477197064
17 0.38578323657514735 0.21921627096910323 1.6833632815047733E-4 1.707504841618234E-4 2.9624321780556456E-4 1.2237336921339816E-5 0.2248194327668533 4.290740725574169E-6 2.1741458513153143E-5 3.033637621778973E-4 4.642027097523701E-6 6.477131253751825E-5 4.639054933331927E-6 0.08378425091339442 6.433798501328527E-5 0.08528145506746429
18 0.4076946517722494 0.21726403023879004 2.9731011031023348E-5 3.0276245536291433E-5 5.579006417144615E-5 1.0895385008626031E-6 0.2244166169511448 3.314158477098916E-7 2.0678093478703853E-6 5.746057022170376E-5 3.6932479271233856E-7 1.0262848074950934E-5 3.682391152554836E-7 0.07435546945369693 1.0175008169795627E-5 0.07607130950930928
19 0.43276397959944335 0.21359484829180816 4.958679293591247E-6 5.066718395561573E-6 1.0046767521886841E-5 9.221213590740349E-8 0.22203808523043667 2.4163664050528267E-8 1.8925065004424993E-7 1.039862855912584E-5 2.7695133393795345E-8 1.5217459225253073E-6 2.7532806962255832E-8 0.06488197042342908 1.5062576923701612E-6 0.06668725680310744
20 0.46067963548357166 0.20860979916858918 6.106827263341084E-7 6.266825498021845E-7 1.3485900321381453E-6 5.101453365726805E-9 0.2185813984780931 1.123870365321069E-9 1.1434305755383494E-8 1.4046349877616485E-6 1.3301200586563138E-9 1.633971674493307E-7 1.3191674445265295E-9 0.055133326668741774 1.6139687770744568E-7 0.05699150450774604
21 0.4883951607852378 0.2026819614776237 5.9404320786251236E-8 6.127545646761757E-8 1.4314437550535445E-7 9.9999999581941E-10 0.2143789261266681 9.9999999581941E-10 9.9999999581941E-10 1.501970458546561E-7 9.9999999581941E-10 1.3781185286753651E-8 9.9999999581941E-10 0.04632851227483848 1.3578484167810913E-8 0.04821499295476403
22 0.5123720261554671 0.19790757998571482 5.1536836292489735E-9 5.341390962751102E-9 1.3342608319964234E-8 9.999999951565091E-10 0.21119869944281303 9.999999951565091E-10 9.999999951565091E-10 1.40966069404493E-8 9.999999951565091E-10 1.0159524910019597E-9 9.999999951565091E-10 0.03835086881369836 9.999999951565091E-10 0.04017078065206448
23 0.5459703055427602 0.1897388481050767 9.99999992115791E-10 9.99999992115791E-10 1.1821144691148576E-9 9.99999992115791E-10 0.2039421535036144 9.99999992115791E-10 9.99999992115791E-10 1.2561057608317242E-9 9.99999992115791E-10 9.99999992115791E-10 9.99999992115791E-10 0.029395969599253724 9.99999992115791E-10 0.03095271181107517
24 0.5783308828543733 0.18042999750890487 9.999999894641652E-10 9.999999894641652E-10 9.999999894641652E-10 9.999999894641652E-10 0.1956131525952528 9.999999894641652E-10 9.999999894641652E-10 9.999999894641652E-10 9.999999894641652E-10 9.999999894641652E-10 9.999999894641652E-10 0.022152693711038417 9.999999894641652E-10 0.023473262330430993
25 0.6115858723899771 0.16960115111459156 9.999999894169748E-10 9.999999894169748E-10 9.999999894169748E-10 9.999999894169748E-10 0.18534156721362058 9.999999894169748E-10 9.999999894169748E-10 9.999999894169748E-10 9.999999894169748E-10 9.999999894169748E-10 9.999999894169748E-10 0.016202443952695593 9.999999894169748E-10 0.01726895432911557
26 0.6433079995924477 0.15811578791339656 9.99999989285554E-10 9.99999989285554E-10 9.99999989285554E-10 9.99999989285554E-10 0.17442563420687085 9.99999989285554E-10 9.99999989285554E-10 9.99999989285554E-10 9.99999989285554E-10 9.99999989285554E-10 9.99999989285554E-10 0.011648876635346061 9.99999989285554E-10 0.012501690651939224
27 0.6713898645720344 0.14726482449866887 9.999999892054008E-10 9.999999892054008E-10 9.999999892054008E-10 9.999999892054008E-10 0.16419224301601507 9.999999892054008E-10 9.999999892054008E-10 9.999999892054008E-10 9.999999892054008E-10 9.999999892054008E-10 9.999999892054008E-10 0.008240389575827638 9.999999892054008E-10 0.008912667337454277
28 0.6971163086911214 0.1364200042937255 9.999999890900042E-10 9.999999890900042E-10 9.999999890900042E-10 9.999999890900042E-10 0.15448372355555048 9.999999890900042E-10 9.999999890900042E-10 9.999999890900042E-10 9.999999890900042E-10 9.999999890900042E-10 9.999999890900042E-10 0.005721738274644433 9.999999890900042E-10 0.00625821418495849
29 0.7210383848915647 0.12583072372253198 9.999999890531932E-10 9.999999890531932E-10 9.999999890531932E-10 9.999999890531932E-10 0.14505171513377182 9.999999890531932E-10 9.999999890531932E-10 9.999999890531932E-10 9.999999890531932E-10 9.999999890531932E-10 9.999999890531932E-10 0.0038328854663560734 9.999999890531932E-10 0.004246279785775831
30 0.7471988511753653 0.1139111001287924 9.999999890309538E-10 9.999999890309538E-10 9.999999890309538E-10 9.999999890309538E-10 0.13383941512650557 9.999999890309538E-10 9.999999890309538E-10 9.999999890309538E-10 9.999999890309538E-10 9.999999890309538E-10 9.999999890309538E-10 0.0023789827096376394 9.999999890309538E-10 0.002671639859699549
31 0.7720794779582707 0.1021538897062507 9.999999890175599E-10 9.999999890175599E-10 9.999999890175599E-10 9.999999890175599E-10 0.12271624217491024 9.999999890175599E-10 9.999999890175599E-10 9.999999890175599E-10 9.999999890175599E-10 9.999999890175599E-10 9.999999890175599E-10 0.0014248092635578552 9.999999890175599E-10 0.0016255698970109964
32 0.7940103779807443 0.09157237558674403 9.99999989015599E-10 9.99999989015599E-10 9.99999989015599E-10 9.99999989015599E-10 0.1125450069975389 9.99999989015599E-10 9.99999989015599E-10 9.99999989015599E-10 9.99999989015599E-10 9.99999989015599E-10 9.99999989015599E-10 8.668885195206778E-4 9.99999989015599E-10 0.0010053399154525563
33 0.8158371255738203 0.08117251242137885 9.99999989015118E-10 9.99999989015118E-10 9.99999989015118E-10 9.99999989015118E-10 0.10187430687958833 9.99999989015118E-10 9.99999989015118E-10 9.99999989015118E-10 9.99999989015118E-10 9.99999989015118E-10 9.99999989015118E-10 5.125637824626647E-4 9.99999989015118E-10 6.034803427501585E-4
34 0.8393016707140444 0.07022867590508515 9.999999890215026E-10 9.999999890215026E-10 9.999999890215026E-10 9.999999890215026E-10 0.08986127392461785 9.999999890215026E-10 9.999999890215026E-10 9.999999890215026E-10 9.999999890215026E-10 9.999999890215026E-10 9.999999890215026E-10 2.772860381676515E-4 9.999999890215026E-10 3.3108241808558667E-4
35 0.8649424584974903 0.05852272165714125 9.999999890169835E-10 9.999999890169835E-10 9.999999890169835E-10 9.999999890169835E-10 0.07624336143648663 9.999999890169835E-10 9.999999890169835E-10 9.999999890169835E-10 9.999999890169835E-10 9.999999890169835E-10 9.999999890169835E-10 1.3189214931848736E-4 9.999999890169835E-10 1.5955525956368101E-4
36 0.8930219874333128 0.04600669854112309 9.999999890163452E-10 9.999999890163452E-10 9.999999890163452E-10 9.999999890163452E-10 0.06085632197411783 9.999999890163452E-10 9.999999890163452E-10 9.999999890163452E-10 9.999999890163452E-10 9.999999890163452E-10 9.999999890163452E-10 5.17198680254443E-5 9.999999890163452E-10 6.326118342128953E-5
37 0.9183587266486738 0.034856468165416474 9.999999890164699E-10 9.999999890164699E-10 9.999999890164699E-10 9.999999890164699E-10 0.04674482322311102 9.999999890164699E-10 9.999999890164699E-10 9.999999890164699E-10 9.999999890164699E-10 9.999999890164699E-10 9.999999890164699E-10 1.7880912732381196E-5 9.999999890164699E-10 2.2090050066761447E-5
38 0.9405582011012963 0.025217834489742758 9.999999890205104E-10 9.999999890205104E-10 9.999999890205104E-10 9.999999890205104E-10 0.0342123617314594 9.999999890205104E-10 9.999999890205104E-10 9.999999890205104E-10 9.999999890205104E-10 9.999999890205104E-10 9.999999890205104E-10 5.1617684130302975E-6 9.999999890205104E-10 6.4299090889327484E-6
39 0.959233608360529 0.01719256183737485 9.999999890242452E-10 9.999999890242452E-10 9.999999890242452E-10 9.999999890242452E-10 0.023570665537564 9.999999890242452E-10 9.999999890242452E-10 9.999999890242452E-10 9.999999890242452E-10 9.999999890242452E-10 9.999999890242452E-10 1.3984242017476614E-6 9.999999890242452E-10 1.7548403307971062E-6
40 0.9734401259167569 0.01113689140510878 9.9999998902496E-10 9.9999998902496E-10 9.9999998902496E-10 9.9999998902496E-10 0.015422261044280678 9.9999998902496E-10 9.9999998902496E-10 9.9999998902496E-10 9.9999998902496E-10 9.9999998902496E-10 9.9999998902496E-10 3.1396226155902145E-7 9.9999998902496E-10 3.9667159251118525E-7
41 0.9836471455875397 0.006812985560056764 9.99999989023063E-10 9.99999989023063E-10 9.99999989023063E-10 9.99999989023063E-10 0.009539717161591138 9.99999989023063E-10 9.99999989023063E-10 9.99999989023063E-10 9.99999989023063E-10 9.99999989023063E-10 9.99999989023063E-10 6.189444727696073E-8 9.99999989023063E-10 7.879636559379208E-8
42 0.9906182369508797 0.003883566042095975 9.999999890177067E-10 9.999999890177067E-10 9.999999890177067E-10 9.999999890177067E-10 0.005498163366875078 9.999999890177067E-10 9.999999890177067E-10 9.999999890177067E-10 9.999999890177067E-10 9.999999890177067E-10 9.999999890177067E-10 9.918865135395319E-9 9.999999890177067E-10 1.2721284504205907E-8
43 0.9947680941280694 0.0021505307824890873 9.9999998901065E-10 9.9999998901065E-10 9.9999998901065E-10 9.9999998901065E-10 0.00308136065743651 9.9999998901065E-10 9.9999998901065E-10 9.9999998901065E-10 9.9999998901065E-10 9.9999998901065E-10 9.9999998901065E-10 1.4966921155491298E-9 9.9999998901065E-10 1.935312545218984E-9
44 0.9972487881656867 0.0011222954197469305 9.999999874630464E-10 9.999999874630464E-10 9.999999874630464E-10 9.999999874630464E-10 0.0016289034145658403 9.999999874630464E-10 9.999999874630464E-10 9.999999874630464E-10 9.999999874630464E-10 9.999999874630464E-10 9.999999874630464E-10 9.999999874630464E-10 9.999999874630464E-10 9.999999874630464E-10
45 0.9985574230024331 5.828019799811621E-4 9.99999987286075E-10 9.99999987286075E-10 9.99999987286075E-10 9.99999987286075E-10 8.597620175850731E-4 9.99999987286075E-10 9.99999987286075E-10 9.99999987286075E-10 9.99999987286075E-10 9.99999987286075E-10 9.99999987286075E-10 9.99999987286075E-10 9.99999987286075E-10 9.99999987286075E-10
46 0.9992620771464709 2.9486564757410204E-4 9.999999872719658E-10 9.999999872719658E-10 9.999999872719658E-10 9.999999872719658E-10 4.430442059545817E-4 9.999999872719658E-10 9.999999872719658E-10 9.999999872719658E-10 9.999999872719658E-10 9.999999872719658E-10 9.999999872719658E-10 9.999999872719658E-10 9.999999872719658E-10 9.999999872719658E-10
47 0.9996462104634897 1.3973023850092863E-4 9.999999872345348E-10 9.999999872345348E-10 9.999999872345348E-10 9.999999872345348E-10 2.1404629800881193E-4 9.999999872345348E-10 9.999999872345348E-10 9.999999872345348E-10 9.999999872345348E-10 9.999999872345348E-10 9.999999872345348E-10 9.999999872345348E-10 9.999999872345348E-10 9.999999872345348E-10
48 0.9997821586552159 8.493392830967094E-5 9.999999872835947E-10 9.999999872835947E-10 9.999999872835947E-10 9.999999872835947E-10 1.3289441647389668E-4 9.999999872835947E-10 9.999999872835947E-10 9.999999872835947E-10 9.999999872835947E-10 9.999999872835947E-10 9.999999872835947E-10 9.999999872835947E-10 9.999999872835947E-10 9.999999872835947E-10
49 0.9998739351153699 4.8542292677430005E-5 9.999999872325418E-10 9.999999872325418E-10 9.999999872325418E-10 9.999999872325418E-10 7.7509591952202E-5 9.999999872325418E-10 9.999999872325418E-10 9.999999872325418E-10 9.999999872325418E-10 9.999999872325418E-10 9.999999872325418E-10 9.999999872325418E-10 9.999999872325418E-10 9.999999872325418E-10
50 0.9999421202716923 2.2075088989620365E-5 9.999999871153832E-10 9.999999871153832E-10 9.999999871153832E-10 9.999999871153832E-10 3.57916393174832E-5 9.999999871153832E-10 9.999999871153832E-10 9.999999871153832E-10 9.999999871153832E-10 9.999999871153832E-10 9.999999871153832E-10 9.999999871153832E-10 9.999999871153832E-10 9.999999871153832E-10
51 0.9999768823787963 8.738197158859566E-6 9.999999870731999E-10 9.999999870731999E-10 9.999999870731999E-10 9.999999870731999E-10 1.4366424044429581E-5 9.999999870731999E-10 9.999999870731999E-10 9.999999870731999E-10 9.999999870731999E-10 9.999999870731999E-10 9.999999870731999E-10 9.999999870731999E-10 9.999999870731999E-10 9.999999870731999E-10
52 0.9999913549541436 3.2358203264180068E-6 9.999999870553762E-10 9.999999870553762E-10 9.999999870553762E-10 9.999999870553762E-10 5.3962255295216095E-6 9.999999870553762E-10 9.999999870553762E-10 9.999999870553762E-10 9.999999870553762E-10 9.999999870553762E-10 9.999999870553762E-10 9.999999870553762E-10 9.999999870553762E-10 9.999999870553762E-10
53 0.9999968764435638 1.1550590826841057E-6 9.999999870434108E-10 9.999999870434108E-10 9.999999870434108E-10 9.999999870434108E-10 1.95549735295063E-6 9.999999870434108E-10 9.999999870434108E-10 9.999999870434108E-10 9.999999870434108E-10 9.999999870434108E-10 9.999999870434108E-10 9.999999870434108E-10 9.999999870434108E-10 9.999999870434108E-10
54 0.9999990173564255 3.5660057808649867E-7 9.999999870288963E-10 9.999999870288963E-10 9.999999870288963E-10 9.999999870288963E-10 6.130429958596494E-7 9.999999870288963E-10 9.999999870288963E-10 9.999999870288963E-10 9.999999870288963E-10 9.999999870288963E-10 9.999999870288963E-10 9.999999870288963E-10 9.999999870288963E-10 9.999999870288963E-10
55 0.9999997475075723 8.721414907920457E-8 9.999999870157197E-10 9.999999870157197E-10 9.999999870157197E-10 9.999999870157197E-10 1.5227827833084097E-7 9.999999870157197E-10 9.999999870157197E-10 9.999999870157197E-10 9.999999870157197E-10 9.999999870157197E-10 9.999999870157197E-10 9.999999870157197E-10 9.999999870157197E-10 9.999999870157197E-10
56 0.9999999349728919 1.8762887943351784E-8 9.999999870122503E-10 9.999999870122503E-10 9.999999870122503E-10 9.999999870122503E-10 3.32642197982234E-8 9.999999870122503E-10 9.999999870122503E-10 9.999999870122503E-10 9.999999870122503E-10 9.999999870122503E-10 9.999999870122503E-10 9.999999870122503E-10 9.999999870122503E-10 9.999999870122503E-10
57 0.9999999765262433 3.7387555550622645E-9 9.999999870095136E-10 9.999999870095136E-10 9.999999870095136E-10 9.999999870095136E-10 6.735000795217327E-9 9.999999870095136E-10 9.999999870095136E-10 9.999999870095136E-10 9.999999870095136E-10 9.999999870095136E-10 9.999999870095136E-10 9.999999870095136E-10 9.999999870095136E-10 9.999999870095136E-10
58 0.9999999845958979 9.999999867767501E-10 9.999999867767501E-10 9.999999867767501E-10 9.999999867767501E-10 9.999999867767501E-10 1.404101516620501E-9 9.999999867767501E-10 9.999999867767501E-10 9.999999867767501E-10 9.999999867767501E-10 9.999999867767501E-10 9.999999867767501E-10 9.999999867767501E-10 9.999999867767501E-10 9.999999867767501E-10
59 0.999999984999999 9.999999854783272E-10 9.999999854783272E-10 9.999999854783272E-10 9.999999854783272E-10 9.999999854783272E-10 9.999999854783272E-10 9.999999854783272E-10 9.999999854783272E-10 9.999999854783272E-10 9.999999854783272E-10 9.999999854783272E-10 9.999999854783272E-10 9.999999854783272E-10 9.999999854783272E-10 9.999999854783272E-10
60 0.999999984999999 9.999999853969386E-10 9.999999853969386E-10 9.999999853969386E-10 9.999999853969386E-10 9.999999853969386E-10 9.999999853969386E-10 9.999999853969386E-10 9.999999853969386E-10 9.999999853969386E-10 9.999999853969386E-10 9.999999853969386E-10 9.999999853969386E-10 9.999999853969386E-10 9.999999853969386E-10 9.999999853969386E-10
61 0.9999999849999991 9.999999853600052E-10 9.999999853600052E-10 9.999999853600052E-10 9.999999853600052E-10 9.999999853600052E-10 9.999999853600052E-10 9.999999853600052E-10 9.999999853600052E-10 9.999999853600052E-10 9.999999853600052E-10 9.999999853600052E-10 9.999999853600052E-10 9.999999853600052E-10 9.999999853600052E-10 9.999999853600052E-10
62 0.999999984999999 9.999999852298103E-10 9.999999852298103E-10 9.999999852298103E-10 9.999999852298103E-10 9.999999852298103E-10 9.999999852298103E-10 9.999999852298103E-10 9.999999852298103E-10 9.999999852298103E-10 9.999999852298103E-10 9.999999852298103E-10 9.999999852298103E-10 9.999999852298103E-10 9.999999852298103E-10 9.999999852298103E-10
63 0.999999984999999 9.999999852087958E-10 9.999999852087958E-10 9.999999852087958E-10 9.999999852087958E-10 9.999999852087958E-10 9.999999852087958E-10 9.999999852087958E-10 9.999999852087958E-10 9.999999852087958E-10 9.999999852087958E-10 9.999999852087958E-10 9.999999852087958E-10 9.999999852087958E-10 9.999999852087958E-10 9.999999852087958E-10
64 0.9999999849999991 9.99999985196211E-10 9.99999985196211E-10 9.99999985196211E-10 9.99999985196211E-10 9.99999985196211E-10 9.99999985196211E-10 9.99999985196211E-10 9.99999985196211E-10 9.99999985196211E-10 9.99999985196211E-10 9.99999985196211E-10 9.99999985196211E-10 9.99999985196211E-10 9.99999985196211E-10 9.99999985196211E-10
65 0.9999999849999991 9.99999985151495E-10 9.99999985151495E-10 9.99999985151495E-10 9.99999985151495E-10 9.99999985151495E-10 9.99999985151495E-10 9.99999985151495E-10 9.99999985151495E-10 9.99999985151495E-10 9.99999985151495E-10 9.99999985151495E-10 9.99999985151495E-10 9.99999985151495E-10 9.99999985151495E-10 9.99999985151495E-10
66 0.999999984999999 9.999999851219137E-10 9.999999851219137E-10 9.999999851219137E-10 9.999999851219137E-10 9.999999851219137E-10 9.999999851219137E-10 9.999999851219137E-10 9.999999851219137E-10 9.999999851219137E-10 9.999999851219137E-10 9.999999851219137E-10 9.999999851219137E-10 9.999999851219137E-10 9.999999851219137E-10 9.999999851219137E-10
67 0.999999984999999 9.999999850907619E-10 9.999999850907619E-10 9.999999850907619E-10 9.999999850907619E-10 9.999999850907619E-10 9.999999850907619E-10 9.999999850907619E-10 9.999999850907619E-10 9.999999850907619E-10 9.999999850907619E-10 9.999999850907619E-10 9.999999850907619E-10 9.999999850907619E-10 9.999999850907619E-10 9.999999850907619E-10
68 0.9999999849999991 9.999999850775884E-10 9.999999850775884E-10 9.999999850775884E-10 9.999999850775884E-10 9.999999850775884E-10 9.999999850775884E-10 9.999999850775884E-10 9.999999850775884E-10 9.999999850775884E-10 9.999999850775884E-10 9.999999850775884E-10 9.999999850775884E-10 9.999999850775884E-10 9.999999850775884E-10 9.999999850775884E-10
69 0.9999999849999991 9.999999850681335E-10 9.999999850681335E-10 9.999999850681335E-10 9.999999850681335E-10 9.999999850681335E-10 9.999999850681335E-10 9.999999850681335E-10 9.999999850681335E-10 9.999999850681335E-10 9.999999850681335E-10 9.999999850681335E-10 9.999999850681335E-10 9.999999850681335E-10 9.999999850681335E-10 9.999999850681335E-10
70 0.999999984999999 9.999999850545884E-10 9.999999850545884E-10 9.999999850545884E-10 9.999999850545884E-10 9.999999850545884E-10 9.999999850545884E-10 9.999999850545884E-10 9.999999850545884E-10 9.999999850545884E-10 9.999999850545884E-10 9.999999850545884E-10 9.999999850545884E-10 9.999999850545884E-10 9.999999850545884E-10 9.999999850545884E-10
71 0.999999984999999 9.999999850407296E-10 9.999999850407296E-10 9.999999850407296E-10 9.999999850407296E-10 9.999999850407296E-10 9.999999850407296E-10 9.999999850407296E-10 9.999999850407296E-10 9.999999850407296E-10 9.999999850407296E-10 9.999999850407296E-10 9.999999850407296E-10 9.999999850407296E-10 9.999999850407296E-10 9.999999850407296E-10
72 0.999999984999999 9.999999851446022E-10 9.999999851446022E-10 9.999999851446022E-10 9.999999851446022E-10 9.999999851446022E-10 9.999999851446022E-10 9.999999851446022E-10 9.999999851446022E-10 9.999999851446022E-10 9.999999851446022E-10 9.999999851446022E-10 9.999999851446022E-10 9.999999851446022E-10 9.999999851446022E-10 9.999999851446022E-10
73 0.999999984999999 9.999999851376355E-10 9.999999851376355E-10 9.999999851376355E-10 9.999999851376355E-10 9.999999851376355E-10 9.999999851376355E-10 9.999999851376355E-10 9.999999851376355E-10 9.999999851376355E-10 9.999999851376355E-10 9.999999851376355E-10 9.999999851376355E-10 9.999999851376355E-10 9.999999851376355E-10 9.999999851376355E-10
74 0.9999999849999991 9.999999851066342E-10 9.999999851066342E-10 9.999999851066342E-10 9.999999851066342E-10 9.999999851066342E-10 9.999999851066342E-10 9.999999851066342E-10 9.999999851066342E-10 9.999999851066342E-10 9.999999851066342E-10 9.999999851066342E-10 9.999999851066342E-10 9.999999851066342E-10 9.999999851066342E-10 9.999999851066342E-10
75 0.9999999849999991 9.999999851002922E-10 9.999999851002922E-10 9.999999851002922E-10 9.999999851002922E-10 9.999999851002922E-10 9.999999851002922E-10 9.999999851002922E-10 9.999999851002922E-10 9.999999851002922E-10 9.999999851002922E-10 9.999999851002922E-10 9.999999851002922E-10 9.999999851002922E-10 9.999999851002922E-10 9.999999851002922E-10
76 0.9999999849999991 9.999999850807048E-10 9.999999850807048E-10 9.999999850807048E-10 9.999999850807048E-10 9.999999850807048E-10 9.999999850807048E-10 9.999999850807048E-10 9.999999850807048E-10 9.999999850807048E-10 9.999999850807048E-10 9.999999850807048E-10 9.999999850807048E-10 9.999999850807048E-10 9.999999850807048E-10 9.999999850807048E-10
77 0.999999984999999 9.999999850744391E-10 9.999999850744391E-10 9.999999850744391E-10 9.999999850744391E-10 9.999999850744391E-10 9.999999850744391E-10 9.999999850744391E-10 9.999999850744391E-10 9.999999850744391E-10 9.999999850744391E-10 9.999999850744391E-10 9.999999850744391E-10 9.999999850744391E-10 9.999999850744391E-10 9.999999850744391E-10
78 0.9999999849999991 9.999999850645779E-10 9.999999850645779E-10 9.999999850645779E-10 9.999999850645779E-10 9.999999850645779E-10 9.999999850645779E-10 9.999999850645779E-10 9.999999850645779E-10 9.999999850645779E-10 9.999999850645779E-10 9.999999850645779E-10 9.999999850645779E-10 9.999999850645779E-10 9.999999850645779E-10 9.999999850645779E-10
79 0.999999984999999 9.999999850560449E-10 9.999999850560449E-10 9.999999850560449E-10 9.999999850560449E-10 9.999999850560449E-10 9.999999850560449E-10 9.999999850560449E-10 9.999999850560449E-10 9.999999850560449E-10 9.999999850560449E-10 9.999999850560449E-10 9.999999850560449E-10 9.999999850560449E-10 9.999999850560449E-10 9.999999850560449E-10
80 0.999999984999999 9.999999850389055E-10 9.999999850389055E-10 9.999999850389055E-10 9.999999850389055E-10 9.999999850389055E-10 9.999999850389055E-10 9.999999850389055E-10 9.999999850389055E-10 9.999999850389055E-10 9.999999850389055E-10 9.999999850389055E-10 9.999999850389055E-10 9.999999850389055E-10 9.999999850389055E-10 9.999999850389055E-10
81 0.999999984999999 9.999999850333632E-10 9.999999850333632E-10 9.999999850333632E-10 9.999999850333632E-10 9.999999850333632E-10 9.999999850333632E-10 9.999999850333632E-10 9.999999850333632E-10 9.999999850333632E-10 9.999999850333632E-10 9.999999850333632E-10 9.999999850333632E-10 9.999999850333632E-10 9.999999850333632E-10 9.999999850333632E-10
82 0.999999984999999 9.999999850198022E-10 9.999999850198022E-10 9.999999850198022E-10 9.999999850198022E-10 9.999999850198022E-10 9.999999850198022E-10 9.999999850198022E-10 9.999999850198022E-10 9.999999850198022E-10 9.999999850198022E-10 9.999999850198022E-10 9.999999850198022E-10 9.999999850198022E-10 9.999999850198022E-10 9.999999850198022E-10
83 0.9999999849999991 9.999999850143918E-10 9.999999850143918E-10 9.999999850143918E-10 9.999999850143918E-10 9.999999850143918E-10 9.999999850143918E-10 9.999999850143918E-10 9.999999850143918E-10 9.999999850143918E-10 9.999999850143918E-10 9.999999850143918E-10 9.999999850143918E-10 9.999999850143918E-10 9.999999850143918E-10 9.999999850143918E-10
84 0.9999999849999991 9.99999985010168E-10 9.99999985010168E-10 9.99999985010168E-10 9.99999985010168E-10 9.99999985010168E-10 9.99999985010168E-10 9.99999985010168E-10 9.99999985010168E-10 9.99999985010168E-10 9.99999985010168E-10 9.99999985010168E-10 9.99999985010168E-10 9.99999985010168E-10 9.99999985010168E-10 9.99999985010168E-10
85 0.999999984999999 9.999999850073475E-10 9.999999850073475E-10 9.999999850073475E-10 9.999999850073475E-10 9.999999850073475E-10 9.999999850073475E-10 9.999999850073475E-10 9.999999850073475E-10 9.999999850073475E-10 9.999999850073475E-10 9.999999850073475E-10 9.999999850073475E-10 9.999999850073475E-10 9.999999850073475E-10 9.999999850073475E-10
86 0.9999999849999991 9.99999985004887E-10 9.99999985004887E-10 9.99999985004887E-10 9.99999985004887E-10 9.99999985004887E-10 9.99999985004887E-10 9.99999985004887E-10 9.99999985004887E-10 9.99999985004887E-10 9.99999985004887E-10 9.99999985004887E-10 9.99999985004887E-10 9.99999985004887E-10 9.99999985004887E-10 9.99999985004887E-10
87 0.9999999849999991 9.999999850039178E-10 9.999999850039178E-10 9.999999850039178E-10 9.999999850039178E-10 9.999999850039178E-10 9.999999850039178E-10 9.999999850039178E-10 9.999999850039178E-10 9.999999850039178E-10 9.999999850039178E-10 9.999999850039178E-10 9.999999850039178E-10 9.999999850039178E-10 9.999999850039178E-10 9.999999850039178E-10
88 0.999999984999999 9.999999850038132E-10 9.999999850038132E-10 9.999999850038132E-10 9.999999850038132E-10 9.999999850038132E-10 9.999999850038132E-10 9.999999850038132E-10 9.999999850038132E-10 9.999999850038132E-10 9.999999850038132E-10 9.999999850038132E-10 9.999999850038132E-10 9.999999850038132E-10 9.999999850038132E-10 9.999999850038132E-10
89 0.999999984999999 9.999999850028417E-10 9.999999850028417E-10 9.999999850028417E-10 9.999999850028417E-10 9.999999850028417E-10 9.999999850028417E-10 9.999999850028417E-10 9.999999850028417E-10 9.999999850028417E-10 9.999999850028417E-10 9.999999850028417E-10 9.999999850028417E-10 9.999999850028417E-10 9.999999850028417E-10 9.999999850028417E-10
90 0.999999984999999 9.99999985002368E-10 9.99999985002368E-10 9.99999985002368E-10 9.99999985002368E-10 9.99999985002368E-10 9.99999985002368E-10 9.99999985002368E-10 9.99999985002368E-10 9.99999985002368E-10 9.99999985002368E-10 9.99999985002368E-10 9.99999985002368E-10 9.99999985002368E-10 9.99999985002368E-10 9.99999985002368E-10
91 0.9999999849999991 9.999999850032031E-10 9.999999850032031E-10 9.999999850032031E-10 9.999999850032031E-10 9.999999850032031E-10 9.999999850032031E-10 9.999999850032031E-10 9.999999850032031E-10 9.999999850032031E-10 9.999999850032031E-10 9.999999850032031E-10 9.999999850032031E-10 9.999999850032031E-10 9.999999850032031E-10 9.999999850032031E-10
92 0.999999984999999 9.999999850037665E-10 9.999999850037665E-10 9.999999850037665E-10 9.999999850037665E-10 9.999999850037665E-10 9.999999850037665E-10 9.999999850037665E-10 9.999999850037665E-10 9.999999850037665E-10 9.999999850037665E-10 9.999999850037665E-10 9.999999850037665E-10 9.999999850037665E-10 9.999999850037665E-10 9.999999850037665E-10
93 0.999999984999999 9.999999850031692E-10 9.999999850031692E-10 9.999999850031692E-10 9.999999850031692E-10 9.999999850031692E-10 9.999999850031692E-10 9.999999850031692E-10 9.999999850031692E-10 9.999999850031692E-10 9.999999850031692E-10 9.999999850031692E-10 9.999999850031692E-10 9.999999850031692E-10 9.999999850031692E-10 9.999999850031692E-10
94 0.999999984999999 9.999999850034831E-10 9.999999850034831E-10 9.999999850034831E-10 9.999999850034831E-10 9.999999850034831E-10 9.999999850034831E-10 9.999999850034831E-10 9.999999850034831E-10 9.999999850034831E-10 9.999999850034831E-10 9.999999850034831E-10 9.999999850034831E-10 9.999999850034831E-10 9.999999850034831E-10 9.999999850034831E-10
95 0.999999984999999 9.99999985003809E-10 9.99999985003809E-10 9.99999985003809E-10 9.99999985003809E-10 9.99999985003809E-10 9.99999985003809E-10 9.99999985003809E-10 9.99999985003809E-10 9.99999985003809E-10 9.99999985003809E-10 9.99999985003809E-10 9.99999985003809E-10 9.99999985003809E-10 9.99999985003809E-10 9.99999985003809E-10
96 0.9999999849999991 9.999999850031498E-10 9.999999850031498E-10 9.999999850031498E-10 9.999999850031498E-10 9.999999850031498E-10 9.999999850031498E-10 9.999999850031498E-10 9.999999850031498E-10 9.999999850031498E-10 9.999999850031498E-10 9.999999850031498E-10 9.999999850031498E-10 9.999999850031498E-10 9.999999850031498E-10 9.999999850031498E-10
97 0.9999999849999991 9.9999998500179E-10 9.9999998500179E-10 9.9999998500179E-10 9.9999998500179E-10 9.9999998500179E-10 9.9999998500179E-10 9.9999998500179E-10 9.9999998500179E-10 9.9999998500179E-10 9.9999998500179E-10 9.9999998500179E-10 9.9999998500179E-10 9.9999998500179E-10 9.9999998500179E-10 9.9999998500179E-10
98 0.999999984999999 9.99999985001423E-10 9.99999985001423E-10 9.99999985001423E-10 9.99999985001423E-10 9.99999985001423E-10 9.99999985001423E-10 9.99999985001423E-10 9.99999985001423E-10 9.99999985001423E-10 9.99999985001423E-10 9.99999985001423E-10 9.99999985001423E-10 9.99999985001423E-10 9.99999985001423E-10 9.99999985001423E-10
99 0.9999999849999991 9.999999850013689E-10 9.999999850013689E-10 9.999999850013689E-10 9.999999850013689E-10 9.999999850013689E-10 9.999999850013689E-10 9.999999850013689E-10 9.999999850013689E-10 9.999999850013689E-10 9.999999850013689E-10 9.999999850013689E-10 9.999999850013689E-10 9.999999850013689E-10 9.999999850013689E-10 9.999999850013689E-10
100 0.999999984999999 9.999999850014965E-10 9.999999850014965E-10 9.999999850014965E-10 9.999999850014965E-10 9.999999850014965E-10 9.999999850014965E-10 9.999999850014965E-10 9.999999850014965E-10 9.999999850014965E-10 9.999999850014965E-10 9.999999850014965E-10 9.999999850014965E-10 9.999999850014965E-10 9.999999850014965E-10 9.999999850014965E-10
101 0.9999999849999991 9.99999985000979E-10 9.99999985000979E-10 9.99999985000979E-10 9.99999985000979E-10 9.99999985000979E-10 9.99999985000979E-10 9.99999985000979E-10 9.99999985000979E-10 9.99999985000979E-10 9.99999985000979E-10 9.99999985000979E-10 9.99999985000979E-10 9.99999985000979E-10 9.99999985000979E-10 9.99999985000979E-10
102 0.999999984999999 9.999999850009245E-10 9.999999850009245E-10 9.999999850009245E-10 9.999999850009245E-10 9.999999850009245E-10 9.999999850009245E-10 9.999999850009245E-10 9.999999850009245E-10 9.999999850009245E-10 9.999999850009245E-10 9.999999850009245E-10 9.999999850009245E-10 9.999999850009245E-10 9.999999850009245E-10 9.999999850009245E-10
103 0.999999984999999 9.999999850007367E-10 9.999999850007367E-10 9.999999850007367E-10 9.999999850007367E-10 9.999999850007367E-10 9.999999850007367E-10 9.999999850007367E-10 9.999999850007367E-10 9.999999850007367E-10 9.999999850007367E-10 9.999999850007367E-10 9.999999850007367E-10 9.999999850007367E-10 9.999999850007367E-10 9.999999850007367E-10
104 0.9999999849999991 9.999999850007648E-10 9.999999850007648E-10 9.999999850007648E-10 9.999999850007648E-10 9.999999850007648E-10 9.999999850007648E-10 9.999999850007648E-10 9.999999850007648E-10 9.999999850007648E-10 9.999999850007648E-10 9.999999850007648E-10 9.999999850007648E-10 9.999999850007648E-10 9.999999850007648E-10 9.999999850007648E-10
105 0.9999999849999991 9.999999850009392E-10 9.999999850009392E-10 9.999999850009392E-10 9.999999850009392E-10 9.999999850009392E-10 9.999999850009392E-10 9.999999850009392E-10 9.999999850009392E-10 9.999999850009392E-10 9.999999850009392E-10 9.999999850009392E-10 9.999999850009392E-10 9.999999850009392E-10 9.999999850009392E-10 9.999999850009392E-10
106 0.9999999849999991 9.999999850014185E-10 9.999999850014185E-10 9.999999850014185E-10 9.999999850014185E-10 9.999999850014185E-10 9.999999850014185E-10 9.999999850014185E-10 9.999999850014185E-10 9.999999850014185E-10 9.999999850014185E-10 9.999999850014185E-10 9.999999850014185E-10 9.999999850014185E-10 9.999999850014185E-10 9.999999850014185E-10
107 0.999999984999999 9.999999850012576E-10 9.999999850012576E-10 9.999999850012576E-10 9.999999850012576E-10 9.999999850012576E-10 9.999999850012576E-10 9.999999850012576E-10 9.999999850012576E-10 9.999999850012576E-10 9.999999850012576E-10 9.999999850012576E-10 9.999999850012576E-10 9.999999850012576E-10 9.999999850012576E-10 9.999999850012576E-10
108 0.9999999849999991 9.99999985001209E-10 9.99999985001209E-10 9.99999985001209E-10 9.99999985001209E-10 9.99999985001209E-10 9.99999985001209E-10 9.99999985001209E-10 9.99999985001209E-10 9.99999985001209E-10 9.99999985001209E-10 9.99999985001209E-10 9.99999985001209E-10 9.99999985001209E-10 9.99999985001209E-10 9.99999985001209E-10
109 0.9999999849999991 9.99999985001158E-10 9.99999985001158E-10 9.99999985001158E-10 9.99999985001158E-10 9.99999985001158E-10 9.99999985001158E-10 9.99999985001158E-10 9.99999985001158E-10 9.99999985001158E-10 9.99999985001158E-10 9.99999985001158E-10 9.99999985001158E-10 9.99999985001158E-10 9.99999985001158E-10 9.99999985001158E-10
110 0.9999999849999991 9.999999850011267E-10 9.999999850011267E-10 9.999999850011267E-10 9.999999850011267E-10 9.999999850011267E-10 9.999999850011267E-10 9.999999850011267E-10 9.999999850011267E-10 9.999999850011267E-10 9.999999850011267E-10 9.999999850011267E-10 9.999999850011267E-10 9.999999850011267E-10 9.999999850011267E-10 9.999999850011267E-10
111 0.999999984999999 9.999999850010111E-10 9.999999850010111E-10 9.999999850010111E-10 9.999999850010111E-10 9.999999850010111E-10 9.999999850010111E-10 9.999999850010111E-10 9.999999850010111E-10 9.999999850010111E-10 9.999999850010111E-10 9.999999850010111E-10 9.999999850010111E-10 9.999999850010111E-10 9.999999850010111E-10 9.999999850010111E-10
112 0.999999984999999 9.999999850008759E-10 9.999999850008759E-10 9.999999850008759E-10 9.999999850008759E-10 9.999999850008759E-10 9.999999850008759E-10 9.999999850008759E-10 9.999999850008759E-10 9.999999850008759E-10 9.999999850008759E-10 9.999999850008759E-10 9.999999850008759E-10 9.999999850008759E-10 9.999999850008759E-10 9.999999850008759E-10
113 0.999999984999999 9.999999850010413E-10 9.999999850010413E-10 9.999999850010413E-10 9.999999850010413E-10 9.999999850010413E-10 9.999999850010413E-10 9.999999850010413E-10 9.999999850010413E-10 9.999999850010413E-10 9.999999850010413E-10 9.999999850010413E-10 9.999999850010413E-10 9.999999850010413E-10 9.999999850010413E-10 9.999999850010413E-10
114 0.999999984999999 9.999999850009156E-10 9.999999850009156E-10 9.999999850009156E-10 9.999999850009156E-10 9.999999850009156E-10 9.999999850009156E-10 9.999999850009156E-10 9.999999850009156E-10 9.999999850009156E-10 9.999999850009156E-10 9.999999850009156E-10 9.999999850009156E-10 9.999999850009156E-10 9.999999850009156E-10 9.999999850009156E-10
115 0.999999984999999 9.999999850006788E-10 9.999999850006788E-10 9.999999850006788E-10 9.999999850006788E-10 9.999999850006788E-10 9.999999850006788E-10 9.999999850006788E-10 9.999999850006788E-10 9.999999850006788E-10 9.999999850006788E-10 9.999999850006788E-10 9.999999850006788E-10 9.999999850006788E-10 9.999999850006788E-10 9.999999850006788E-10
116 0.9999999849999991 9.999999850005421E-10 9.999999850005421E-10 9.999999850005421E-10 9.999999850005421E-10 9.999999850005421E-10 9.999999850005421E-10 9.999999850005421E-10 9.999999850005421E-10 9.999999850005421E-10 9.999999850005421E-10 9.999999850005421E-10 9.999999850005421E-10 9.999999850005421E-10 9.999999850005421E-10 9.999999850005421E-10
117 0.999999984999999 9.999999850005746E-10 9.999999850005746E-10 9.999999850005746E-10 9.999999850005746E-10 9.999999850005746E-10 9.999999850005746E-10 9.999999850005746E-10 9.999999850005746E-10 9.999999850005746E-10 9.999999850005746E-10 9.999999850005746E-10 9.999999850005746E-10 9.999999850005746E-10 9.999999850005746E-10 9.999999850005746E-10
118 0.9999999849999991 9.999999850005053E-10 9.999999850005053E-10 9.999999850005053E-10 9.999999850005053E-10 9.999999850005053E-10 9.999999850005053E-10 9.999999850005053E-10 9.999999850005053E-10 9.999999850005053E-10 9.999999850005053E-10 9.999999850005053E-10 9.999999850005053E-10 9.999999850005053E-10 9.999999850005053E-10 9.999999850005053E-10
119 0.999999984999999 9.999999850006807E-10 9.999999850006807E-10 9.999999850006807E-10 9.999999850006807E-10 9.999999850006807E-10 9.999999850006807E-10 9.999999850006807E-10 9.999999850006807E-10 9.999999850006807E-10 9.999999850006807E-10 9.999999850006807E-10 9.999999850006807E-10 9.999999850006807E-10 9.999999850006807E-10 9.999999850006807E-10
120 0.9999999849999991 9.999999850007892E-10 9.999999850007892E-10 9.999999850007892E-10 9.999999850007892E-10 9.999999850007892E-10 9.999999850007892E-10 9.999999850007892E-10 9.999999850007892E-10 9.999999850007892E-10 9.999999850007892E-10 9.999999850007892E-10 9.999999850007892E-10 9.999999850007892E-10 9.999999850007892E-10 9.999999850007892E-10
121 0.9999999849999991 9.999999850005018E-10 9.999999850005018E-10 9.999999850005018E-10 9.999999850005018E-10 9.999999850005018E-10 9.999999850005018E-10 9.999999850005018E-10 9.999999850005018E-10 9.999999850005018E-10 9.999999850005018E-10 9.999999850005018E-10 9.999999850005018E-10 9.999999850005018E-10 9.999999850005018E-10 9.999999850005018E-10
122 0.999999984999999 9.999999850003107E-10 9.999999850003107E-10 9.999999850003107E-10 9.999999850003107E-10 9.999999850003107E-10 9.999999850003107E-10 9.999999850003107E-10 9.999999850003107E-10 9.999999850003107E-10 9.999999850003107E-10 9.999999850003107E-10 9.999999850003107E-10 9.999999850003107E-10 9.999999850003107E-10 9.999999850003107E-10
123 0.9999999849999991 9.999999850003008E-10 9.999999850003008E-10 9.999999850003008E-10 9.999999850003008E-10 9.999999850003008E-10 9.999999850003008E-10 9.999999850003008E-10 9.999999850003008E-10 9.999999850003008E-10 9.999999850003008E-10 9.999999850003008E-10 9.999999850003008E-10 9.999999850003008E-10 9.999999850003008E-10 9.999999850003008E-10
124 0.9999999849999991 9.9999998500024E-10 9.9999998500024E-10 9.9999998500024E-10 9.9999998500024E-10 9.9999998500024E-10 9.9999998500024E-10 9.9999998500024E-10 9.9999998500024E-10 9.9999998500024E-10 9.9999998500024E-10 9.9999998500024E-10 9.9999998500024E-10 9.9999998500024E-10 9.9999998500024E-10 9.9999998500024E-10
125 0.9999999849999991 9.999999850001465E-10 9.999999850001465E-10 9.999999850001465E-10 9.999999850001465E-10 9.999999850001465E-10 9.999999850001465E-10 9.999999850001465E-10 9.999999850001465E-10 9.999999850001465E-10 9.999999850001465E-10 9.999999850001465E-10 9.999999850001465E-10 9.999999850001465E-10 9.999999850001465E-10 9.999999850001465E-10
126 0.9999999849999991 9.999999850000915E-10 9.999999850000915E-10 9.999999850000915E-10 9.999999850000915E-10 9.999999850000915E-10 9.999999850000915E-10 9.999999850000915E-10 9.999999850000915E-10 9.999999850000915E-10 9.999999850000915E-10 9.999999850000915E-10 9.999999850000915E-10 9.999999850000915E-10 9.999999850000915E-10 9.999999850000915E-10
127 0.999999984999999 9.999999850000553E-10 9.999999850000553E-10 9.999999850000553E-10 9.999999850000553E-10 9.999999850000553E-10 9.999999850000553E-10 9.999999850000553E-10 9.999999850000553E-10 9.999999850000553E-10 9.999999850000553E-10 9.999999850000553E-10 9.999999850000553E-10 9.999999850000553E-10 9.999999850000553E-10 9.999999850000553E-10
128 0.999999984999999 9.999999850000373E-10 9.999999850000373E-10 9.999999850000373E-10 9.999999850000373E-10 9.999999850000373E-10 9.999999850000373E-10 9.999999850000373E-10 9.999999850000373E-10 9.999999850000373E-10 9.999999850000373E-10 9.999999850000373E-10 9.999999850000373E-10 9.999999850000373E-10 9.999999850000373E-10 9.999999850000373E-10
129 0.999999984999999 9.999999850000185E-10 9.999999850000185E-10 9.999999850000185E-10 9.999999850000185E-10 9.999999850000185E-10 9.999999850000185E-10 9.999999850000185E-10 9.999999850000185E-10 9.999999850000185E-10 9.999999850000185E-10 9.999999850000185E-10 9.999999850000185E-10 9.999999850000185E-10 9.999999850000185E-10 9.999999850000185E-10
130 0.999999984999999 9.999999850000094E-10 9.999999850000094E-10 9.999999850000094E-10 9.999999850000094E-10 9.999999850000094E-10 9.999999850000094E-10 9.999999850000094E-10 9.999999850000094E-10 9.999999850000094E-10 9.999999850000094E-10 9.999999850000094E-10 9.999999850000094E-10 9.999999850000094E-10 9.999999850000094E-10 9.999999850000094E-10
131 0.9999999849999991 9.999999850000024E-10 9.999999850000024E-10 9.999999850000024E-10 9.999999850000024E-10 9.999999850000024E-10 9.999999850000024E-10 9.999999850000024E-10 9.999999850000024E-10 9.999999850000024E-10 9.999999850000024E-10 9.999999850000024E-10 9.999999850000024E-10 9.999999850000024E-10 9.999999850000024E-10 9.999999850000024E-10
132 0.999999984999999 9.99999985E-10 9.99999985E-10 9.99999985E-10 9.99999985E-10 9.99999985E-10 9.99999985E-10 9.99999985E-10 9.99999985E-10 9.99999985E-10 9.99999985E-10 9.99999985E-10 9.99999985E-10 9.99999985E-10 9.99999985E-10 9.99999985E-10
133 0.999999984999999 9.999999849999995E-10 9.999999849999995E-10 9.999999849999995E-10 9.999999849999995E-10 9.999999849999995E-10 9.999999849999995E-10 9.999999849999995E-10 9.999999849999995E-10 9.999999849999995E-10 9.999999849999995E-10 9.999999849999995E-10 9.999999849999995E-10 9.999999849999995E-10 9.999999849999995E-10 9.999999849999995E-10
134 0.999999984999999 9.99999984999999E-10 9.99999984999999E-10 9.99999984999999E-10 9.99999984999999E-10 9.99999984999999E-10 9.99999984999999E-10 9.99999984999999E-10 9.99999984999999E-10 9.99999984999999E-10 9.99999984999999E-10 9.99999984999999E-10 9.99999984999999E-10 9.99999984999999E-10 9.99999984999999E-10 9.99999984999999E-10
135 0.999999984999999 9.99999984999999E-10 9.99999984999999E-10 9.99999984999999E-10 9.99999984999999E-10 9.99999984999999E-10 9.99999984999999E-10 9.99999984999999E-10 9.99999984999999E-10 9.99999984999999E-10 9.99999984999999E-10 9.99999984999999E-10 9.99999984999999E-10 9.99999984999999E-10 9.99999984999999E-10 9.99999984999999E-10
136 0.999999984999999 9.99999984999999E-10 9.99999984999999E-10 9.99999984999999E-10 9.99999984999999E-10 9.99999984999999E-10 9.99999984999999E-10 9.99999984999999E-10 9.99999984999999E-10 9.99999984999999E-10 9.99999984999999E-10 9.99999984999999E-10 9.99999984999999E-10 9.99999984999999E-10 9.99999984999999E-10 9.99999984999999E-10
137 0.999999984999999 9.99999984999999E-10 9.99999984999999E-10 9.99999984999999E-10 9.99999984999999E-10 9.99999984999999E-10 9.99999984999999E-10 9.99999984999999E-10 9.99999984999999E-10 9.99999984999999E-10 9.99999984999999E-10 9.99999984999999E-10 9.99999984999999E-10 9.99999984999999E-10 9.99999984999999E-10 9.99999984999999E-10
138 0.999999984999999 9.99999984999999E-10 9.99999984999999E-10 9.99999984999999E-10 9.99999984999999E-10 9.99999984999999E-10 9.99999984999999E-10 9.99999984999999E-10 9.99999984999999E-10 9.99999984999999E-10 9.99999984999999E-10 9.99999984999999E-10 9.99999984999999E-10 9.99999984999999E-10 9.99999984999999E-10 9.99999984999999E-10
139 0.999999984999999 9.99999984999999E-10 9.99999984999999E-10 9.99999984999999E-10 9.99999984999999E-10 9.99999984999999E-10 9.99999984999999E-10 9.99999984999999E-10 9.99999984999999E-10 9.99999984999999E-10 9.99999984999999E-10 9.99999984999999E-10 9.99999984999999E-10 9.99999984999999E-10 9.99999984999999E-10 9.99999984999999E-10
140 0.999999984999999 9.99999984999999E-10 9.99999984999999E-10 9.99999984999999E-10 9.99999984999999E-10 9.99999984999999E-10 9.99999984999999E-10 9.99999984999999E-10 9.99999984999999E-10 9.99999984999999E-10 9.99999984999999E-10 9.99999984999999E-10 9.99999984999999E-10 9.99999984999999E-10 9.99999984999999E-10 9.99999984999999E-10
141 0.999999984999999 9.99999984999999E-10 9.99999984999999E-10 9.99999984999999E-10 9.99999984999999E-10 9.99999984999999E-10 9.99999984999999E-10 9.99999984999999E-10 9.99999984999999E-10 9.99999984999999E-10 9.99999984999999E-10 9.99999984999999E-10 9.99999984999999E-10 9.99999984999999E-10 9.99999984999999E-10 9.99999984999999E-10
142 0.999999984999999 9.99999984999999E-10 9.99999984999999E-10 9.99999984999999E-10 9.99999984999999E-10 9.99999984999999E-10 9.99999984999999E-10 9.99999984999999E-10 9.99999984999999E-10 9.99999984999999E-10 9.99999984999999E-10 9.99999984999999E-10 9.99999984999999E-10 9.99999984999999E-10 9.99999984999999E-10 9.99999984999999E-10
143 0.999999984999999 9.99999984999999E-10 9.99999984999999E-10 9.99999984999999E-10 9.99999984999999E-10 9.99999984999999E-10 9.99999984999999E-10 9.99999984999999E-10 9.99999984999999E-10 9.99999984999999E-10 9.99999984999999E-10 9.99999984999999E-10 9.99999984999999E-10 9.99999984999999E-10 9.99999984999999E-10 9.99999984999999E-10
144 0.999999984999999 9.99999984999999E-10 9.99999984999999E-10 9.99999984999999E-10 9.99999984999999E-10 9.99999984999999E-10 9.99999984999999E-10 9.99999984999999E-10 9.99999984999999E-10 9.99999984999999E-10 9.99999984999999E-10 9.99999984999999E-10 9.99999984999999E-10 9.99999984999999E-10 9.99999984999999E-10 9.99999984999999E-10
145 0.999999984999999 9.99999984999999E-10 9.99999984999999E-10 9.99999984999999E-10 9.99999984999999E-10 9.99999984999999E-10 9.99999984999999E-10 9.99999984999999E-10 9.99999984999999E-10 9.99999984999999E-10 9.99999984999999E-10 9.99999984999999E-10 9.99999984999999E-10 9.99999984999999E-10 9.99999984999999E-10 9.99999984999999E-10
146 0.999999984999999 9.99999984999999E-10 9.99999984999999E-10 9.99999984999999E-10 9.99999984999999E-10 9.99999984999999E-10 9.99999984999999E-10 9.99999984999999E-10 9.99999984999999E-10 9.99999984999999E-10 9.99999984999999E-10 9.99999984999999E-10 9.99999984999999E-10 9.99999984999999E-10 9.99999984999999E-10 9.99999984999999E-10
147 0.999999984999999 9.99999984999999E-10 9.99999984999999E-10 9.99999984999999E-10 9.99999984999999E-10 9.99999984999999E-10 9.99999984999999E-10 9.99999984999999E-10 9.99999984999999E-10 9.99999984999999E-10 9.99999984999999E-10 9.99999984999999E-10 9.99999984999999E-10 9.99999984999999E-10 9.99999984999999E-10 9.99999984999999E-10
148 0.999999984999999 9.99999984999999E-10 9.99999984999999E-10 9.99999984999999E-10 9.99999984999999E-10 9.99999984999999E-10 9.99999984999999E-10 9.99999984999999E-10 9.99999984999999E-10 9.99999984999999E-10 9.99999984999999E-10 9.99999984999999E-10 9.99999984999999E-10 9.99999984999999E-10 9.99999984999999E-10 9.99999984999999E-10
149 0.999999984999999 9.99999984999999E-10 9.99999984999999E-10 9.99999984999999E-10 9.99999984999999E-10 9.99999984999999E-10 9.99999984999999E-10 9.99999984999999E-10 9.99999984999999E-10 9.99999984999999E-10 9.99999984999999E-10 9.99999984999999E-10 9.99999984999999E-10 9.99999984999999E-10 9.99999984999999E-10 9.99999984999999E-10
150 0.999999984999999 9.99999984999999E-10 9.99999984999999E-10 9.99999984999999E-10 9.99999984999999E-10 9.99999984999999E-10 9.99999984999999E-10 9.99999984999999E-10 9.99999984999999E-10 9.99999984999999E-10 9.99999984999999E-10 9.99999984999999E-10 9.99999984999999E-10 9.99999984999999E-10 9.99999984999999E-10 9.99999984999999E-10
151 0.999999984999999 9.99999984999999E-10 9.99999984999999E-10 9.99999984999999E-10 9.99999984999999E-10 9.99999984999999E-10 9.99999984999999E-10 9.99999984999999E-10 9.99999984999999E-10 9.99999984999999E-10 9.99999984999999E-10 9.99999984999999E-10 9.99999984999999E-10 9.99999984999999E-10 9.99999984999999E-10 9.99999984999999E-10
152 0.999999984999999 9.99999984999999E-10 9.99999984999999E-10 9.99999984999999E-10 9.99999984999999E-10 9.99999984999999E-10 9.99999984999999E-10 9.99999984999999E-10 9.99999984999999E-10 9.99999984999999E-10 9.99999984999999E-10 9.99999984999999E-10 9.99999984999999E-10 9.99999984999999E-10 9.99999984999999E-10 9.99999984999999E-10
153 0.999999984999999 9.99999984999999E-10 9.99999984999999E-10 9.99999984999999E-10 9.99999984999999E-10 9.99999984999999E-10 9.99999984999999E-10 9.99999984999999E-10 9.99999984999999E-10 9.99999984999999E-10 9.99999984999999E-10 9.99999984999999E-10 9.99999984999999E-10 9.99999984999999E-10 9.99999984999999E-10 9.99999984999999E-10
154 0.999999984999999 9.99999984999999E-10 9.99999984999999E-10 9.99999984999999E-10 9.99999984999999E-10 9.99999984999999E-10 9.99999984999999E-10 9.99999984999999E-10 9.99999984999999E-10 9.99999984999999E-10 9.99999984999999E-10 9.99999984999999E-10 9.99999984999999E-10 9.99999984999999E-10 9.99999984999999E-10 9.99999984999999E-10
155 0.999999984999999 9.99999984999999E-10 9.99999984999999E-10 9.99999984999999E-10 9.99999984999999E-10 9.99999984999999E-10 9.99999984999999E-10 9.99999984999999E-10 9.99999984999999E-10 9.99999984999999E-10 9.99999984999999E-10 9.99999984999999E-10 9.99999984999999E-10 9.99999984999999E-10 9.99999984999999E-10 9.99999984999999E-10
156 0.999999984999999 9.99999984999999E-10 9.99999984999999E-10 9.99999984999999E-10 9.99999984999999E-10 9.99999984999999E-10 9.99999984999999E-10 9.99999984999999E-10 9.99999984999999E-10 9.99999984999999E-10 9.99999984999999E-10 9.99999984999999E-10 9.99999984999999E-10 9.99999984999999E-10 9.99999984999999E-10 9.99999984999999E-10
157 0.999999984999999 9.99999984999999E-10 9.99999984999999E-10 9.99999984999999E-10 9.99999984999999E-10 9.99999984999999E-10 9.99999984999999E-10 9.99999984999999E-10 9.99999984999999E-10 9.99999984999999E-10 9.99999984999999E-10 9.99999984999999E-10 9.99999984999999E-10 9.99999984999999E-10 9.99999984999999E-10 9.99999984999999E-10
158 0.999999984999999 9.99999984999999E-10 9.99999984999999E-10 9.99999984999999E-10 9.99999984999999E-10 9.99999984999999E-10 9.99999984999999E-10 9.99999984999999E-10 9.99999984999999E-10 9.99999984999999E-10 9.99999984999999E-10 9.99999984999999E-10 9.99999984999999E-10 9.99999984999999E-10 9.99999984999999E-10 9.99999984999999E-10
159 0.999999984999999 9.99999984999999E-10 9.99999984999999E-10 9.99999984999999E-10 9.99999984999999E-10 9.99999984999999E-10 9.99999984999999E-10 9.99999984999999E-10 9.99999984999999E-10 9.99999984999999E-10 9.99999984999999E-10 9.99999984999999E-10 9.99999984999999E-10 9.99999984999999E-10 9.99999984999999E-10 9.99999984999999E-10
160 0.999999984999999 9.99999984999999E-10 9.99999984999999E-10 9.99999984999999E-10 9.99999984999999E-10 9.99999984999999E-10 9.99999984999999E-10 9.99999984999999E-10 9.99999984999999E-10 9.99999984999999E-10 9.99999984999999E-10 9.99999984999999E-10 9.99999984999999E-10 9.99999984999999E-10 9.99999984999999E-10 9.99999984999999E-10
161 0.999999984999999 9.99999984999999E-10 9.99999984999999E-10 9.99999984999999E-10 9.99999984999999E-10 9.99999984999999E-10 9.99999984999999E-10 9.99999984999999E-10 9.99999984999999E-10 9.99999984999999E-10 9.99999984999999E-10 9.99999984999999E-10 9.99999984999999E-10 9.99999984999999E-10 9.99999984999999E-10 9.99999984999999E-10
162 0.999999984999999 9.99999984999999E-10 9.99999984999999E-10 9.99999984999999E-10 9.99999984999999E-10 9.99999984999999E-10 9.99999984999999E-10 9.99999984999999E-10 9.99999984999999E-10 9.99999984999999E-10 9.99999984999999E-10 9.99999984999999E-10 9.99999984999999E-10 9.99999984999999E-10 9.99999984999999E-10 9.99999984999999E-10
163 0.999999984999999 9.99999984999999E-10 9.99999984999999E-10 9.99999984999999E-10 9.99999984999999E-10 9.99999984999999E-10 9.99999984999999E-10 9.99999984999999E-10 9.99999984999999E-10 9.99999984999999E-10 9.99999984999999E-10 9.99999984999999E-10 9.99999984999999E-10 9.99999984999999E-10 9.99999984999999E-10 9.99999984999999E-10
164 0.999999984999999 9.99999984999999E-10 9.99999984999999E-10 9.99999984999999E-10 9.99999984999999E-10 9.99999984999999E-10 9.99999984999999E-10 9.99999984999999E-10 9.99999984999999E-10 9.99999984999999E-10 9.99999984999999E-10 9.99999984999999E-10 9.99999984999999E-10 9.99999984999999E-10 9.99999984999999E-10 9.99999984999999E-10
165 0.999999984999999 9.99999984999999E-10 9.99999984999999E-10 9.99999984999999E-10 9.99999984999999E-10 9.99999984999999E-10 9.99999984999999E-10 9.99999984999999E-10 9.99999984999999E-10 9.99999984999999E-10 9.99999984999999E-10 9.99999984999999E-10 9.99999984999999E-10 9.99999984999999E-10 9.99999984999999E-10 9.99999984999999E-10
166 0.999999984999999 9.99999984999999E-10 9.99999984999999E-10 9.99999984999999E-10 9.99999984999999E-10 9.99999984999999E-10 9.99999984999999E-10 9.99999984999999E-10 9.99999984999999E-10 9.99999984999999E-10 9.99999984999999E-10 9.99999984999999E-10 9.99999984999999E-10 9.99999984999999E-10 9.99999984999999E-10 9.99999984999999E-10
167 0.999999984999999 9.99999984999999E-10 9.99999984999999E-10 9.99999984999999E-10 9.99999984999999E-10 9.99999984999999E-10 9.99999984999999E-10 9.99999984999999E-10 9.99999984999999E-10 9.99999984999999E-10 9.99999984999999E-10 9.99999984999999E-10 9.99999984999999E-10 9.99999984999999E-10 9.99999984999999E-10 9.99999984999999E-10
168 0.999999984999999 9.99999984999999E-10 9.99999984999999E-10 9.99999984999999E-10 9.99999984999999E-10 9.99999984999999E-10 9.99999984999999E-10 9.99999984999999E-10 9.99999984999999E-10 9.99999984999999E-10 9.99999984999999E-10 9.99999984999999E-10 9.99999984999999E-10 9.99999984999999E-10 9.99999984999999E-10 9.99999984999999E-10
169 0.999999984999999 9.99999984999999E-10 9.99999984999999E-10 9.99999984999999E-10 9.99999984999999E-10 9.99999984999999E-10 9.99999984999999E-10 9.99999984999999E-10 9.99999984999999E-10 9.99999984999999E-10 9.99999984999999E-10 9.99999984999999E-10 9.99999984999999E-10 9.99999984999999E-10 9.99999984999999E-10 9.99999984999999E-10
170 0.999999984999999 9.99999984999999E-10 9.99999984999999E-10 9.99999984999999E-10 9.99999984999999E-10 9.99999984999999E-10 9.99999984999999E-10 9.99999984999999E-10 9.99999984999999E-10 9.99999984999999E-10 9.99999984999999E-10 9.99999984999999E-10 9.99999984999999E-10 9.99999984999999E-10 9.99999984999999E-10 9.99999984999999E-10
171 0.999999984999999 9.99999984999999E-10 9.99999984999999E-10 9.99999984999999E-10 9.99999984999999E-10 9.99999984999999E-10 9.99999984999999E-10 9.99999984999999E-10 9.99999984999999E-10 9.99999984999999E-10 9.99999984999999E-10 9.99999984999999E-10 9.99999984999999E-10 9.99999984999999E-10 9.99999984999999E-10 9.99999984999999E-10
172 0.999999984999999 9.99999984999999E-10 9.99999984999999E-10 9.99999984999999E-10 9.99999984999999E-10 9.99999984999999E-10 9.99999984999999E-10 9.99999984999999E-10 9.99999984999999E-10 9.99999984999999E-10 9.99999984999999E-10 9.99999984999999E-10 9.99999984999999E-10 9.99999984999999E-10 9.99999984999999E-10 9.99999984999999E-10
173 0.999999984999999 9.99999984999999E-10 9.99999984999999E-10 9.99999984999999E-10 9.99999984999999E-10 9.99999984999999E-10 9.99999984999999E-10 9.99999984999999E-10 9.99999984999999E-10 9.99999984999999E-10 9.99999984999999E-10 9.99999984999999E-10 9.99999984999999E-10 9.99999984999999E-10 9.99999984999999E-10 9.99999984999999E-10
174 0.999999984999999 9.99999984999999E-10 9.99999984999999E-10 9.99999984999999E-10 9.99999984999999E-10 9.99999984999999E-10 9.99999984999999E-10 9.99999984999999E-10 9.99999984999999E-10 9.99999984999999E-10 9.99999984999999E-10 9.99999984999999E-10 9.99999984999999E-10 9.99999984999999E-10 9.99999984999999E-10 9.99999984999999E-10
175 0.999999984999999 9.99999984999999E-10 9.99999984999999E-10 9.99999984999999E-10 9.99999984999999E-10 9.99999984999999E-10 9.99999984999999E-10 9.99999984999999E-10 9.99999984999999E-10 9.99999984999999E-10 9.99999984999999E-10 9.99999984999999E-10 9.99999984999999E-10 9.99999984999999E-10 9.99999984999999E-10 9.99999984999999E-10
176 0.999999984999999 9.99999984999999E-10 9.99999984999999E-10 9.99999984999999E-10 9.99999984999999E-10 9.99999984999999E-10 9.99999984999999E-10 9.99999984999999E-10 9.99999984999999E-10 9.99999984999999E-10 9.99999984999999E-10 9.99999984999999E-10 9.99999984999999E-10 9.99999984999999E-10 9.99999984999999E-10 9.99999984999999E-10
177 0.999999984999999 9.99999984999999E-10 9.99999984999999E-10 9.99999984999999E-10 9.99999984999999E-10 9.99999984999999E-10 9.99999984999999E-10 9.99999984999999E-10 9.99999984999999E-10 9.99999984999999E-10 9.99999984999999E-10 9.99999984999999E-10 9.99999984999999E-10 9.99999984999999E-10 9.99999984999999E-10 9.99999984999999E-10
178 0.999999984999999 9.99999984999999E-10 9.99999984999999E-10 9.99999984999999E-10 9.99999984999999E-10 9.99999984999999E-10 9.99999984999999E-10 9.99999984999999E-10 9.99999984999999E-10 9.99999984999999E-10 9.99999984999999E-10 9.99999984999999E-10 9.99999984999999E-10 9.99999984999999E-10 9.99999984999999E-10 9.99999984999999E-10
179 0.999999984999999 9.99999984999999E-10 9.99999984999999E-10 9.99999984999999E-10 9.99999984999999E-10 9.99999984999999E-10 9.99999984999999E-10 9.99999984999999E-10 9.99999984999999E-10 9.99999984999999E-10 9.99999984999999E-10 9.99999984999999E-10 9.99999984999999E-10 9.99999984999999E-10 9.99999984999999E-10 9.99999984999999E-10
180 0.999999984999999 9.99999984999999E-10 9.99999984999999E-10 9.99999984999999E-10 9.99999984999999E-10 9.99999984999999E-10 9.99999984999999E-10 9.99999984999999E-10 9.99999984999999E-10 9.99999984999999E-10 9.99999984999999E-10 9.99999984999999E-10 9.99999984999999E-10 9.99999984999999E-10 9.99999984999999E-10 9.99999984999999E-10
181 0.999999984999999 9.99999984999999E-10 9.99999984999999E-10 9.99999984999999E-10 9.99999984999999E-10 9.99999984999999E-10 9.99999984999999E-10 9.99999984999999E-10 9.99999984999999E-10 9.99999984999999E-10 9.99999984999999E-10 9.99999984999999E-10 9.99999984999999E-10 9.99999984999999E-10 9.99999984999999E-10 9.99999984999999E-10
182 0.999999984999999 9.99999984999999E-10 9.99999984999999E-10 9.99999984999999E-10 9.99999984999999E-10 9.99999984999999E-10 9.99999984999999E-10 9.99999984999999E-10 9.99999984999999E-10 9.99999984999999E-10 9.99999984999999E-10 9.99999984999999E-10 9.99999984999999E-10 9.99999984999999E-10 9.99999984999999E-10 9.99999984999999E-10
183 0.999999984999999 9.99999984999999E-10 9.99999984999999E-10 9.99999984999999E-10 9.99999984999999E-10 9.99999984999999E-10 9.99999984999999E-10 9.99999984999999E-10 9.99999984999999E-10 9.99999984999999E-10 9.99999984999999E-10 9.99999984999999E-10 9.99999984999999E-10 9.99999984999999E-10 9.99999984999999E-10 9.99999984999999E-10
184 0.999999984999999 9.99999984999999E-10 9.99999984999999E-10 9.99999984999999E-10 9.99999984999999E-10 9.99999984999999E-10 9.99999984999999E-10 9.99999984999999E-10 9.99999984999999E-10 9.99999984999999E-10 9.99999984999999E-10 9.99999984999999E-10 9.99999984999999E-10 9.99999984999999E-10 9.99999984999999E-10 9.99999984999999E-10
185 0.999999984999999 9.99999984999999E-10 9.99999984999999E-10 9.99999984999999E-10 9.99999984999999E-10 9.99999984999999E-10 9.99999984999999E-10 9.99999984999999E-10 9.99999984999999E-10 9.99999984999999E-10 9.99999984999999E-10 9.99999984999999E-10 9.99999984999999E-10 9.99999984999999E-10 9.99999984999999E-10 9.99999984999999E-10
186 0.999999984999999 9.99999984999999E-10 9.99999984999999E-10 9.99999984999999E-10 9.99999984999999E-10 9.99999984999999E-10 9.99999984999999E-10 9.99999984999999E-10 9.99999984999999E-10 9.99999984999999E-10 9.99999984999999E-10 9.99999984999999E-10 9.99999984999999E-10 9.99999984999999E-10 9.99999984999999E-10 9.99999984999999E-10
187 0.999999984999999 9.99999984999999E-10 9.99999984999999E-10 9.99999984999999E-10 9.99999984999999E-10 9.99999984999999E-10 9.99999984999999E-10 9.99999984999999E-10 9.99999984999999E-10 9.99999984999999E-10 9.99999984999999E-10 9.99999984999999E-10 9.99999984999999E-10 9.99999984999999E-10 9.99999984999999E-10 9.99999984999999E-10
188 0.999999984999999 9.99999984999999E-10 9.99999984999999E-10 9.99999984999999E-10 9.99999984999999E-10 9.99999984999999E-10 9.99999984999999E-10 9.99999984999999E-10 9.99999984999999E-10 9.99999984999999E-10 9.99999984999999E-10 9.99999984999999E-10 9.99999984999999E-10 9.99999984999999E-10 9.99999984999999E-10 9.99999984999999E-10
189 0.999999984999999 9.99999984999999E-10 9.99999984999999E-10 9.99999984999999E-10 9.99999984999999E-10 9.99999984999999E-10 9.99999984999999E-10 9.99999984999999E-10 9.99999984999999E-10 9.99999984999999E-10 9.99999984999999E-10 9.99999984999999E-10 9.99999984999999E-10 9.99999984999999E-10 9.99999984999999E-10 9.99999984999999E-10
190 0.999999984999999 9.99999984999999E-10 9.99999984999999E-10 9.99999984999999E-10 9.99999984999999E-10 9.99999984999999E-10 9.99999984999999E-10 9.99999984999999E-10 9.99999984999999E-10 9.99999984999999E-10 9.99999984999999E-10 9.99999984999999E-10 9.99999984999999E-10 9.99999984999999E-10 9.99999984999999E-10 9.99999984999999E-10
191 0.999999984999999 9.99999984999999E-10 9.99999984999999E-10 9.99999984999999E-10 9.99999984999999E-10 9.99999984999999E-10 9.99999984999999E-10 9.99999984999999E-10 9.99999984999999E-10 9.99999984999999E-10 9.99999984999999E-10 9.99999984999999E-10 9.99999984999999E-10 9.99999984999999E-10 9.99999984999999E-10 9.99999984999999E-10
192 0.999999984999999 9.99999984999999E-10 9.99999984999999E-10 9.99999984999999E-10 9.99999984999999E-10 9.99999984999999E-10 9.99999984999999E-10 9.99999984999999E-10 9.99999984999999E-10 9.99999984999999E-10 9.99999984999999E-10 9.99999984999999E-10 9.99999984999999E-10 9.99999984999999E-10 9.99999984999999E-10 9.99999984999999E-10
193 0.999999984999999 9.99999984999999E-10 9.99999984999999E-10 9.99999984999999E-10 9.99999984999999E-10 9.99999984999999E-10 9.99999984999999E-10 9.99999984999999E-10 9.99999984999999E-10 9.99999984999999E-10 9.99999984999999E-10 9.99999984999999E-10 9.99999984999999E-10 9.99999984999999E-10 9.99999984999999E-10 9.99999984999999E-10
194 0.999999984999999 9.99999984999999E-10 9.99999984999999E-10 9.99999984999999E-10 9.99999984999999E-10 9.99999984999999E-10 9.99999984999999E-10 9.99999984999999E-10 9.99999984999999E-10 9.99999984999999E-10 9.99999984999999E-10 9.99999984999999E-10 9.99999984999999E-10 9.99999984999999E-10 9.99999984999999E-10 9.99999984999999E-10
195 0.999999984999999 9.99999984999999E-10 9.99999984999999E-10 9.99999984999999E-10 9.99999984999999E-10 9.99999984999999E-10 9.99999984999999E-10 9.99999984999999E-10 9.99999984999999E-10 9.99999984999999E-10 9.99999984999999E-10 9.99999984999999E-10 9.99999984999999E-10 9.99999984999999E-10 9.99999984999999E-10 9.99999984999999E-10
196 0.999999984999999 9.99999984999999E-10 9.99999984999999E-10 9.99999984999999E-10 9.99999984999999E-10 9.99999984999999E-10 9.99999984999999E-10 9.99999984999999E-10 9.99999984999999E-10 9.99999984999999E-10 9.99999984999999E-10 9.99999984999999E-10 9.99999984999999E-10 9.99999984999999E-10 9.99999984999999E-10 9.99999984999999E-10
197 0.999999984999999 9.99999984999999E-10 9.99999984999999E-10 9.99999984999999E-10 9.99999984999999E-10 9.99999984999999E-10 9.99999984999999E-10 9.99999984999999E-10 9.99999984999999E-10 9.99999984999999E-10 9.99999984999999E-10 9.99999984999999E-10 9.99999984999999E-10 9.99999984999999E-10 9.99999984999999E-10 9.99999984999999E-10
198 0.999999984999999 9.99999984999999E-10 9.99999984999999E-10 9.99999984999999E-10 9.99999984999999E-10 9.99999984999999E-10 9.99999984999999E-10 9.99999984999999E-10 9.99999984999999E-10 9.99999984999999E-10 9.99999984999999E-10 9.99999984999999E-10 9.99999984999999E-10 9.99999984999999E-10 9.99999984999999E-10 9.99999984999999E-10
199 0.999999984999999 9.99999984999999E-10 9.99999984999999E-10 9.99999984999999E-10 9.99999984999999E-10 9.99999984999999E-10 9.99999984999999E-10 9.99999984999999E-10 9.99999984999999E-10 9.99999984999999E-10 9.99999984999999E-10 9.99999984999999E-10 9.99999984999999E-10 9.99999984999999E-10 9.99999984999999E-10 9.99999984999999E-10
200 0.999999984999999 9.99999984999999E-10 9.99999984999999E-10 9.99999984999999E-10 9.99999984999999E-10 9.99999984999999E-10 9.99999984999999E-10 9.99999984999999E-10 9.99999984999999E-10 9.99999984999999E-10 9.99999984999999E-10 9.99999984999999E-10 9.99999984999999E-10 9.99999984999999E-10 9.99999984999999E-10 9.99999984999999E-10
201 0.999999984999999 9.99999984999999E-10 9.99999984999999E-10 9.99999984999999E-10 9.99999984999999E-10 9.99999984999999E-10 9.99999984999999E-10 9.99999984999999E-10 9.99999984999999E-10 9.99999984999999E-10 9.99999984999999E-10 9.99999984999999E-10 9.99999984999999E-10 9.99999984999999E-10 9.99999984999999E-10 9.99999984999999E-10
202 0.999999984999999 9.99999984999999E-10 9.99999984999999E-10 9.99999984999999E-10 9.99999984999999E-10 9.99999984999999E-10 9.99999984999999E-10 9.99999984999999E-10 9.99999984999999E-10 9.99999984999999E-10 9.99999984999999E-10 9.99999984999999E-10 9.99999984999999E-10 9.99999984999999E-10 9.99999984999999E-10 9.99999984999999E-10
203 0.999999984999999 9.99999984999999E-10 9.99999984999999E-10 9.99999984999999E-10 9.99999984999999E-10 9.99999984999999E-10 9.99999984999999E-10 9.99999984999999E-10 9.99999984999999E-10 9.99999984999999E-10 9.99999984999999E-10 9.99999984999999E-10 9.99999984999999E-10 9.99999984999999E-10 9.99999984999999E-10 9.99999984999999E-10
204 0.999999984999999 9.99999984999999E-10 9.99999984999999E-10 9.99999984999999E-10 9.99999984999999E-10 9.99999984999999E-10 9.99999984999999E-10 9.99999984999999E-10 9.99999984999999E-10 9.99999984999999E-10 9.99999984999999E-10 9.99999984999999E-10 9.99999984999999E-10 9.99999984999999E-10 9.99999984999999E-10 9.99999984999999E-10
205 0.999999984999999 9.99999984999999E-10 9.99999984999999E-10 9.99999984999999E-10 9.99999984999999E-10 9.99999984999999E-10 9.99999984999999E-10 9.99999984999999E-10 9.99999984999999E-10 9.99999984999999E-10 9.99999984999999E-10 9.99999984999999E-10 9.99999984999999E-10 9.99999984999999E-10 9.99999984999999E-10 9.99999984999999E-10
206 0.999999984999999 9.99999984999999E-10 9.99999984999999E-10 9.99999984999999E-10 9.99999984999999E-10 9.99999984999999E-10 9.99999984999999E-10 9.99999984999999E-10 9.99999984999999E-10 9.99999984999999E-10 9.99999984999999E-10 9.99999984999999E-10 9.99999984999999E-10 9.99999984999999E-10 9.99999984999999E-10 9.99999984999999E-10
207 0.999999984999999 9.99999984999999E-10 9.99999984999999E-10 9.99999984999999E-10 9.99999984999999E-10 9.99999984999999E-10 9.99999984999999E-10 9.99999984999999E-10 9.99999984999999E-10 9.99999984999999E-10 9.99999984999999E-10 9.99999984999999E-10 9.99999984999999E-10 9.99999984999999E-10 9.99999984999999E-10 9.99999984999999E-10
208 0.999999984999999 9.99999984999999E-10 9.99999984999999E-10 9.99999984999999E-10 9.99999984999999E-10 9.99999984999999E-10 9.99999984999999E-10 9.99999984999999E-10 9.99999984999999E-10 9.99999984999999E-10 9.99999984999999E-10 9.99999984999999E-10 9.99999984999999E-10 9.99999984999999E-10 9.99999984999999E-10 9.99999984999999E-10
209 0.999999984999999 9.99999984999999E-10 9.99999984999999E-10 9.99999984999999E-10 9.99999984999999E-10 9.99999984999999E-10 9.99999984999999E-10 9.99999984999999E-10 9.99999984999999E-10 9.99999984999999E-10 9.99999984999999E-10 9.99999984999999E-10 9.99999984999999E-10 9.99999984999999E-10 9.99999984999999E-10 9.99999984999999E-10
210 0.999999984999999 9.99999984999999E-10 9.99999984999999E-10 9.99999984999999E-10 9.99999984999999E-10 9.99999984999999E-10 9.99999984999999E-10 9.99999984999999E-10 9.99999984999999E-10 9.99999984999999E-10 9.99999984999999E-10 9.99999984999999E-10 9.99999984999999E-10 9.99999984999999E-10 9.99999984999999E-10 9.99999984999999E-10
211 0.999999984999999 9.99999984999999E-10 9.99999984999999E-10 9.99999984999999E-10 9.99999984999999E-10 9.99999984999999E-10 9.99999984999999E-10 9.99999984999999E-10 9.99999984999999E-10 9.99999984999999E-10 9.99999984999999E-10 9.99999984999999E-10 9.99999984999999E-10 9.99999984999999E-10 9.99999984999999E-10 9.99999984999999E-10
212 0.999999984999999 9.99999984999999E-10 9.99999984999999E-10 9.99999984999999E-10 9.99999984999999E-10 9.99999984999999E-10 9.99999984999999E-10 9.99999984999999E-10 9.99999984999999E-10 9.99999984999999E-10 9.99999984999999E-10 9.99999984999999E-10 9.99999984999999E-10 9.99999984999999E-10 9.99999984999999E-10 9.99999984999999E-10
213 0.999999984999999 9.99999984999999E-10 9.99999984999999E-10 9.99999984999999E-10 9.99999984999999E-10 9.99999984999999E-10 9.99999984999999E-10 9.99999984999999E-10 9.99999984999999E-10 9.99999984999999E-10 9.99999984999999E-10 9.99999984999999E-10 9.99999984999999E-10 9.99999984999999E-10 9.99999984999999E-10 9.99999984999999E-10
214 0.999999984999999 9.99999984999999E-10 9.99999984999999E-10 9.99999984999999E-10 9.99999984999999E-10 9.99999984999999E-10 9.99999984999999E-10 9.99999984999999E-10 9.99999984999999E-10 9.99999984999999E-10 9.99999984999999E-10 9.99999984999999E-10 9.99999984999999E-10 9.99999984999999E-10 9.99999984999999E-10 9.99999984999999E-10
215 0.999999984999999 9.99999984999999E-10 9.99999984999999E-10 9.99999984999999E-10 9.99999984999999E-10 9.99999984999999E-10 9.99999984999999E-10 9.99999984999999E-10 9.99999984999999E-10 9.99999984999999E-10 9.99999984999999E-10 9.99999984999999E-10 9.99999984999999E-10 9.99999984999999E-10 9.99999984999999E-10 9.99999984999999E-10
216 0.999999984999999 9.99999984999999E-10 9.99999984999999E-10 9.99999984999999E-10 9.99999984999999E-10 9.99999984999999E-10 9.99999984999999E-10 9.99999984999999E-10 9.99999984999999E-10 9.99999984999999E-10 9.99999984999999E-10 9.99999984999999E-10 9.99999984999999E-10 9.99999984999999E-10 9.99999984999999E-10 9.99999984999999E-10
217 0.999999984999999 9.99999984999999E-10 9.99999984999999E-10 9.99999984999999E-10 9.99999984999999E-10 9.99999984999999E-10 9.99999984999999E-10 9.99999984999999E-10 9.99999984999999E-10 9.99999984999999E-10 9.99999984999999E-10 9.99999984999999E-10 9.99999984999999E-10 9.99999984999999E-10 9.99999984999999E-10 9.99999984999999E-10
218 0.999999984999999 9.99999984999999E-10 9.99999984999999E-10 9.99999984999999E-10 9.99999984999999E-10 9.99999984999999E-10 9.99999984999999E-10 9.99999984999999E-10 9.99999984999999E-10 9.99999984999999E-10 9.99999984999999E-10 9.99999984999999E-10 9.99999984999999E-10 9.99999984999999E-10 9.99999984999999E-10 9.99999984999999E-10
219 0.999999984999999 9.99999984999999E-10 9.99999984999999E-10 9.99999984999999E-10 9.99999984999999E-10 9.99999984999999E-10 9.99999984999999E-10 9.99999984999999E-10 9.99999984999999E-10 9.99999984999999E-10 9.99999984999999E-10 9.99999984999999E-10 9.99999984999999E-10 9.99999984999999E-10 9.99999984999999E-10 9.99999984999999E-10
220 0.999999984999999 9.99999984999999E-10 9.99999984999999E-10 9.99999984999999E-10 9.99999984999999E-10 9.99999984999999E-10 9.99999984999999E-10 9.99999984999999E-10 9.99999984999999E-10 9.99999984999999E-10 9.99999984999999E-10 9.99999984999999E-10 9.99999984999999E-10 9.99999984999999E-10 9.99999984999999E-10 9.99999984999999E-10
221 0.999999984999999 9.99999984999999E-10 9.99999984999999E-10 9.99999984999999E-10 9.99999984999999E-10 9.99999984999999E-10 9.99999984999999E-10 9.99999984999999E-10 9.99999984999999E-10 9.99999984999999E-10 9.99999984999999E-10 9.99999984999999E-10 9.99999984999999E-10 9.99999984999999E-10 9.99999984999999E-10 9.99999984999999E-10
222 0.999999984999999 9.99999984999999E-10 9.99999984999999E-10 9.99999984999999E-10 9.99999984999999E-10 9.99999984999999E-10 9.99999984999999E-10 9.99999984999999E-10 9.99999984999999E-10 9.99999984999999E-10 9.99999984999999E-10 9.99999984999999E-10 9.99999984999999E-10 9.99999984999999E-10 9.99999984999999E-10 9.99999984999999E-10
223 0.999999984999999 9.99999984999999E-10 9.99999984999999E-10 9.99999984999999E-10 9.99999984999999E-10 9.99999984999999E-10 9.99999984999999E-10 9.99999984999999E-10 9.99999984999999E-10 9.99999984999999E-10 9.99999984999999E-10 9.99999984999999E-10 9.99999984999999E-10 9.99999984999999E-10 9.99999984999999E-10 9.99999984999999E-10
224 0.999999984999999 9.99999984999999E-10 9.99999984999999E-10 9.99999984999999E-10 9.99999984999999E-10 9.99999984999999E-10 9.99999984999999E-10 9.99999984999999E-10 9.99999984999999E-10 9.99999984999999E-10 9.99999984999999E-10 9.99999984999999E-10 9.99999984999999E-10 9.99999984999999E-10 9.99999984999999E-10 9.99999984999999E-10
225 0.999999984999999 9.99999984999999E-10 9.99999984999999E-10 9.99999984999999E-10 9.99999984999999E-10 9.99999984999999E-10 9.99999984999999E-10 9.99999984999999E-10 9.99999984999999E-10 9.99999984999999E-10 9.99999984999999E-10 9.99999984999999E-10 9.99999984999999E-10 9.99999984999999E-10 9.99999984999999E-10 9.99999984999999E-10
226 0.999999984999999 9.99999984999999E-10 9.99999984999999E-10 9.99999984999999E-10 9.99999984999999E-10 9.99999984999999E-10 9.99999984999999E-10 9.99999984999999E-10 9.99999984999999E-10 9.99999984999999E-10 9.99999984999999E-10 9.99999984999999E-10 9.99999984999999E-10 9.99999984999999E-10 9.99999984999999E-10 9.99999984999999E-10
227 0.999999984999999 9.99999984999999E-10 9.99999984999999E-10 9.99999984999999E-10 9.99999984999999E-10 9.99999984999999E-10 9.99999984999999E-10 9.99999984999999E-10 9.99999984999999E-10 9.99999984999999E-10 9.99999984999999E-10 9.99999984999999E-10 9.99999984999999E-10 9.99999984999999E-10 9.99999984999999E-10 9.99999984999999E-10
228 0.999999984999999 9.99999984999999E-10 9.99999984999999E-10 9.99999984999999E-10 9.99999984999999E-10 9.99999984999999E-10 9.99999984999999E-10 9.99999984999999E-10 9.99999984999999E-10 9.99999984999999E-10 9.99999984999999E-10 9.99999984999999E-10 9.99999984999999E-10 9.99999984999999E-10 9.99999984999999E-10 9.99999984999999E-10
229 0.999999984999999 9.99999984999999E-10 9.99999984999999E-10 9.99999984999999E-10 9.99999984999999E-10 9.99999984999999E-10 9.99999984999999E-10 9.99999984999999E-10 9.99999984999999E-10 9.99999984999999E-10 9.99999984999999E-10 9.99999984999999E-10 9.99999984999999E-10 9.99999984999999E-10 9.99999984999999E-10 9.99999984999999E-10
230 0.999999984999999 9.99999984999999E-10 9.99999984999999E-10 9.99999984999999E-10 9.99999984999999E-10 9.99999984999999E-10 9.99999984999999E-10 9.99999984999999E-10 9.99999984999999E-10 9.99999984999999E-10 9.99999984999999E-10 9.99999984999999E-10 9.99999984999999E-10 9.99999984999999E-10 9.99999984999999E-10 9.99999984999999E-10
231 0.999999984999999 9.99999984999999E-10 9.99999984999999E-10 9.99999984999999E-10 9.99999984999999E-10 9.99999984999999E-10 9.99999984999999E-10 9.99999984999999E-10 9.99999984999999E-10 9.99999984999999E-10 9.99999984999999E-10 9.99999984999999E-10 9.99999984999999E-10 9.99999984999999E-10 9.99999984999999E-10 9.99999984999999E-10
232 0.999999984999999 9.99999984999999E-10 9.99999984999999E-10 9.99999984999999E-10 9.99999984999999E-10 9.99999984999999E-10 9.99999984999999E-10 9.99999984999999E-10 9.99999984999999E-10 9.99999984999999E-10 9.99999984999999E-10 9.99999984999999E-10 9.99999984999999E-10 9.99999984999999E-10 9.99999984999999E-10 9.99999984999999E-10
233 0.999999984999999 9.99999984999999E-10 9.99999984999999E-10 9.99999984999999E-10 9.99999984999999E-10 9.99999984999999E-10 9.99999984999999E-10 9.99999984999999E-10 9.99999984999999E-10 9.99999984999999E-10 9.99999984999999E-10 9.99999984999999E-10 9.99999984999999E-10 9.99999984999999E-10 9.99999984999999E-10 9.99999984999999E-10
234 0.999999984999999 9.99999984999999E-10 9.99999984999999E-10 9.99999984999999E-10 9.99999984999999E-10 9.99999984999999E-10 9.99999984999999E-10 9.99999984999999E-10 9.99999984999999E-10 9.99999984999999E-10 9.99999984999999E-10 9.99999984999999E-10 9.99999984999999E-10 9.99999984999999E-10 9.99999984999999E-10 9.99999984999999E-10
235 0.999999984999999 9.99999984999999E-10 9.99999984999999E-10 9.99999984999999E-10 9.99999984999999E-10 9.99999984999999E-10 9.99999984999999E-10 9.99999984999999E-10 9.99999984999999E-10 9.99999984999999E-10 9.99999984999999E-10 9.99999984999999E-10 9.99999984999999E-10 9.99999984999999E-10 9.99999984999999E-10 9.99999984999999E-10
236 0.999999984999999 9.99999984999999E-10 9.99999984999999E-10 9.99999984999999E-10 9.99999984999999E-10 9.99999984999999E-10 9.99999984999999E-10 9.99999984999999E-10 9.99999984999999E-10 9.99999984999999E-10 9.99999984999999E-10 9.99999984999999E-10 9.99999984999999E-10 9.99999984999999E-10 9.99999984999999E-10 9.99999984999999E-10
237 0.999999984999999 9.99999984999999E-10 9.99999984999999E-10 9.99999984999999E-10 9.99999984999999E-10 9.99999984999999E-10 9.99999984999999E-10 9.99999984999999E-10 9.99999984999999E-10 9.99999984999999E-10 9.99999984999999E-10 9.99999984999999E-10 9.99999984999999E-10 9.99999984999999E-10 9.99999984999999E-10 9.99999984999999E-10
238 0.999999984999999 9.99999984999999E-10 9.99999984999999E-10 9.99999984999999E-10 9.99999984999999E-10 9.99999984999999E-10 9.99999984999999E-10 9.99999984999999E-10 9.99999984999999E-10 9.99999984999999E-10 9.99999984999999E-10 9.99999984999999E-10 9.99999984999999E-10 9.99999984999999E-10 9.99999984999999E-10 9.99999984999999E-10
239 0.999999984999999 9.99999984999999E-10 9.99999984999999E-10 9.99999984999999E-10 9.99999984999999E-10 9.99999984999999E-10 9.99999984999999E-10 9.99999984999999E-10 9.99999984999999E-10 9.99999984999999E-10 9.99999984999999E-10 9.99999984999999E-10 9.99999984999999E-10 9.99999984999999E-10 9.99999984999999E-10 9.99999984999999E-10
240 0.999999984999999 9.99999984999999E-10 9.99999984999999E-10 9.99999984999999E-10 9.99999984999999E-10 9.99999984999999E-10 9.99999984999999E-10 9.99999984999999E-10 9.99999984999999E-10 9.99999984999999E-10 9.99999984999999E-10 9.99999984999999E-10 9.99999984999999E-10 9.99999984999999E-10 9.99999984999999E-10 9.99999984999999E-10
241 0.999999984999999 9.99999984999999E-10 9.99999984999999E-10 9.99999984999999E-10 9.99999984999999E-10 9.99999984999999E-10 9.99999984999999E-10 9.99999984999999E-10 9.99999984999999E-10 9.99999984999999E-10 9.99999984999999E-10 9.99999984999999E-10 9.99999984999999E-10 9.99999984999999E-10 9.99999984999999E-10 9.99999984999999E-10
242 0.999999984999999 9.99999984999999E-10 9.99999984999999E-10 9.99999984999999E-10 9.99999984999999E-10 9.99999984999999E-10 9.99999984999999E-10 9.99999984999999E-10 9.99999984999999E-10 9.99999984999999E-10 9.99999984999999E-10 9.99999984999999E-10 9.99999984999999E-10 9.99999984999999E-10 9.99999984999999E-10 9.99999984999999E-10
243 0.999999984999999 9.99999984999999E-10 9.99999984999999E-10 9.99999984999999E-10 9.99999984999999E-10 9.99999984999999E-10 9.99999984999999E-10 9.99999984999999E-10 9.99999984999999E-10 9.99999984999999E-10 9.99999984999999E-10 9.99999984999999E-10 9.99999984999999E-10 9.99999984999999E-10 9.99999984999999E-10 9.99999984999999E-10
244 0.999999984999999 9.99999984999999E-10 9.99999984999999E-10 9.99999984999999E-10 9.99999984999999E-10 9.99999984999999E-10 9.99999984999999E-10 9.99999984999999E-10 9.99999984999999E-10 9.99999984999999E-10 9.99999984999999E-10 9.99999984999999E-10 9.99999984999999E-10 9.99999984999999E-10 9.99999984999999E-10 9.99999984999999E-10
245 0.999999984999999 9.99999984999999E-10 9.99999984999999E-10 9.99999984999999E-10 9.99999984999999E-10 9.99999984999999E-10 9.99999984999999E-10 9.99999984999999E-10 9.99999984999999E-10 9.99999984999999E-10 9.99999984999999E-10 9.99999984999999E-10 9.99999984999999E-10 9.99999984999999E-10 9.99999984999999E-10 9.99999984999999E-10
246 0.999999984999999 9.99999984999999E-10 9.99999984999999E-10 9.99999984999999E-10 9.99999984999999E-10 9.99999984999999E-10 9.99999984999999E-10 9.99999984999999E-10 9.99999984999999E-10 9.99999984999999E-10 9.99999984999999E-10 9.99999984999999E-10 9.99999984999999E-10 9.99999984999999E-10 9.99999984999999E-10 9.99999984999999E-10
247 0.999999984999999 9.99999984999999E-10 9.99999984999999E-10 9.99999984999999E-10 9.99999984999999E-10 9.99999984999999E-10 9.99999984999999E-10 9.99999984999999E-10 9.99999984999999E-10 9.99999984999999E-10 9.99999984999999E-10 9.99999984999999E-10 9.99999984999999E-10 9.99999984999999E-10 9.99999984999999E-10 9.99999984999999E-10
248 0.999999984999999 9.99999984999999E-10 9.99999984999999E-10 9.99999984999999E-10 9.99999984999999E-10 9.99999984999999E-10 9.99999984999999E-10 9.99999984999999E-10 9.99999984999999E-10 9.99999984999999E-10 9.99999984999999E-10 9.99999984999999E-10 9.99999984999999E-10 9.99999984999999E-10 9.99999984999999E-10 9.99999984999999E-10
249 0.999999984999999 9.99999984999999E-10 9.99999984999999E-10 9.99999984999999E-10 9.99999984999999E-10 9.99999984999999E-10 9.99999984999999E-10 9.99999984999999E-10 9.99999984999999E-10 9.99999984999999E-10 9.99999984999999E-10 9.99999984999999E-10 9.99999984999999E-10 9.99999984999999E-10 9.99999984999999E-10 9.99999984999999E-10
250 0.999999984999999 9.99999984999999E-10 9.99999984999999E-10 9.99999984999999E-10 9.99999984999999E-10 9.99999984999999E-10 9.99999984999999E-10 9.99999984999999E-10 9.99999984999999E-10 9.99999984999999E-10 9.99999984999999E-10 9.99999984999999E-10 9.99999984999999E-10 9.99999984999999E-10 9.99999984999999E-10 9.99999984999999E-10
251 0.999999984999999 9.99999984999999E-10 9.99999984999999E-10 9.99999984999999E-10 9.99999984999999E-10 9.99999984999999E-10 9.99999984999999E-10 9.99999984999999E-10 9.99999984999999E-10 9.99999984999999E-10 9.99999984999999E-10 9.99999984999999E-10 9.99999984999999E-10 9.99999984999999E-10 9.99999984999999E-10 9.99999984999999E-10
252 0.999999984999999 9.99999984999999E-10 9.99999984999999E-10 9.99999984999999E-10 9.99999984999999E-10 9.99999984999999E-10 9.99999984999999E-10 9.99999984999999E-10 9.99999984999999E-10 9.99999984999999E-10 9.99999984999999E-10 9.99999984999999E-10 9.99999984999999E-10 9.99999984999999E-10 9.99999984999999E-10 9.99999984999999E-10
253 0.999999984999999 9.99999984999999E-10 9.99999984999999E-10 9.99999984999999E-10 9.99999984999999E-10 9.99999984999999E-10 9.99999984999999E-10 9.99999984999999E-10 9.99999984999999E-10 9.99999984999999E-10 9.99999984999999E-10 9.99999984999999E-10 9.99999984999999E-10 9.99999984999999E-10 9.99999984999999E-10 9.99999984999999E-10
254 0.999999984999999 9.99999984999999E-10 9.99999984999999E-10 9.99999984999999E-10 9.99999984999999E-10 9.99999984999999E-10 9.99999984999999E-10 9.99999984999999E-10 9.99999984999999E-10 9.99999984999999E-10 9.99999984999999E-10 9.99999984999999E-10 9.99999984999999E-10 9.99999984999999E-10 9.99999984999999E-10 9.99999984999999E-10
255 0.999999984999999 9.99999984999999E-10 9.99999984999999E-10 9.99999984999999E-10 9.99999984999999E-10 9.99999984999999E-10 9.99999984999999E-10 9.99999984999999E-10 9.99999984999999E-10 9.99999984999999E-10 9.99999984999999E-10 9.99999984999999E-10 9.99999984999999E-10 9.99999984999999E-10 9.99999984999999E-10 9.99999984999999E-10
256 0.999999984999999 9.99999984999999E-10 9.99999984999999E-10 9.99999984999999E-10 9.99999984999999E-10 9.99999984999999E-10 9.99999984999999E-10 9.99999984999999E-10 9.99999984999999E-10 9.99999984999999E-10 9.99999984999999E-10 9.99999984999999E-10 9.99999984999999E-10 9.99999984999999E-10 9.99999984999999E-10 9.99999984999999E-10
257 0.999999984999999 9.99999984999999E-10 9.99999984999999E-10 9.99999984999999E-10 9.99999984999999E-10 9.99999984999999E-10 9.99999984999999E-10 9.99999984999999E-10 9.99999984999999E-10 9.99999984999999E-10 9.99999984999999E-10 9.99999984999999E-10 9.99999984999999E-10 9.99999984999999E-10 9.99999984999999E-10 9.99999984999999E-10
258 0.999999984999999 9.99999984999999E-10 9.99999984999999E-10 9.99999984999999E-10 9.99999984999999E-10 9.99999984999999E-10 9.99999984999999E-10 9.99999984999999E-10 9.99999984999999E-10 9.99999984999999E-10 9.99999984999999E-10 9.99999984999999E-10 9.99999984999999E-10 9.99999984999999E-10 9.99999984999999E-10 9.99999984999999E-10
259 0.999999984999999 9.99999984999999E-10 9.99999984999999E-10 9.99999984999999E-10 9.99999984999999E-10 9.99999984999999E-10 9.99999984999999E-10 9.99999984999999E-10 9.99999984999999E-10 9.99999984999999E-10 9.99999984999999E-10 9.99999984999999E-10 9.99999984999999E-10 9.99999984999999E-10 9.99999984999999E-10 9.99999984999999E-10
260 0.999999984999999 9.99999984999999E-10 9.99999984999999E-10 9.99999984999999E-10 9.99999984999999E-10 9.99999984999999E-10 9.99999984999999E-10 9.99999984999999E-10 9.99999984999999E-10 9.99999984999999E-10 9.99999984999999E-10 9.99999984999999E-10 9.99999984999999E-10 9.99999984999999E-10 9.99999984999999E-10 9.99999984999999E-10
261 0.999999984999999 9.99999984999999E-10 9.99999984999999E-10 9.99999984999999E-10 9.99999984999999E-10 9.99999984999999E-10 9.99999984999999E-10 9.99999984999999E-10 9.99999984999999E-10 9.99999984999999E-10 9.99999984999999E-10 9.99999984999999E-10 9.99999984999999E-10 9.99999984999999E-10 9.99999984999999E-10 9.99999984999999E-10
262 0.999999984999999 9.99999984999999E-10 9.99999984999999E-10 9.99999984999999E-10 9.99999984999999E-10 9.99999984999999E-10 9.99999984999999E-10 9.99999984999999E-10 9.99999984999999E-10 9.99999984999999E-10 9.99999984999999E-10 9.99999984999999E-10 9.99999984999999E-10 9.99999984999999E-10 9.99999984999999E-10 9.99999984999999E-10
263 0.999999984999999 9.99999984999999E-10 9.99999984999999E-10 9.99999984999999E-10 9.99999984999999E-10 9.99999984999999E-10 9.99999984999999E-10 9.99999984999999E-10 9.99999984999999E-10 9.99999984999999E-10 9.99999984999999E-10 9.99999984999999E-10 9.99999984999999E-10 9.99999984999999E-10 9.99999984999999E-10 9.99999984999999E-10
264 0.999999984999999 9.99999984999999E-10 9.99999984999999E-10 9.99999984999999E-10 9.99999984999999E-10 9.99999984999999E-10 9.99999984999999E-10 9.99999984999999E-10 9.99999984999999E-10 9.99999984999999E-10 9.99999984999999E-10 9.99999984999999E-10 9.99999984999999E-10 9.99999984999999E-10 9.99999984999999E-10 9.99999984999999E-10
265 0.999999984999999 9.99999984999999E-10 9.99999984999999E-10 9.99999984999999E-10 9.99999984999999E-10 9.99999984999999E-10 9.99999984999999E-10 9.99999984999999E-10 9.99999984999999E-10 9.99999984999999E-10 9.99999984999999E-10 9.99999984999999E-10 9.99999984999999E-10 9.99999984999999E-10 9.99999984999999E-10 9.99999984999999E-10
266 0.999999984999999 9.99999984999999E-10 9.99999984999999E-10 9.99999984999999E-10 9.99999984999999E-10 9.99999984999999E-10 9.99999984999999E-10 9.99999984999999E-10 9.99999984999999E-10 9.99999984999999E-10 9.99999984999999E-10 9.99999984999999E-10 9.99999984999999E-10 9.99999984999999E-10 9.99999984999999E-10 9.99999984999999E-10
267 0.999999984999999 9.99999984999999E-10 9.99999984999999E-10 9.99999984999999E-10 9.99999984999999E-10 9.99999984999999E-10 9.99999984999999E-10 9.99999984999999E-10 9.99999984999999E-10 9.99999984999999E-10 9.99999984999999E-10 9.99999984999999E-10 9.99999984999999E-10 9.99999984999999E-10 9.99999984999999E-10 9.99999984999999E-10
268 0.999999984999999 9.99999984999999E-10 9.99999984999999E-10 9.99999984999999E-10 9.99999984999999E-10 9.99999984999999E-10 9.99999984999999E-10 9.99999984999999E-10 9.99999984999999E-10 9.99999984999999E-10 9.99999984999999E-10 9.99999984999999E-10 9.99999984999999E-10 9.99999984999999E-10 9.99999984999999E-10 9.99999984999999E-10
269 0.999999984999999 9.99999984999999E-10 9.99999984999999E-10 9.99999984999999E-10 9.99999984999999E-10 9.99999984999999E-10 9.99999984999999E-10 9.99999984999999E-10 9.99999984999999E-10 9.99999984999999E-10 9.99999984999999E-10 9.99999984999999E-10 9.99999984999999E-10 9.99999984999999E-10 9.99999984999999E-10 9.99999984999999E-10
270 0.999999984999999 9.99999984999999E-10 9.99999984999999E-10 9.99999984999999E-10 9.99999984999999E-10 9.99999984999999E-10 9.99999984999999E-10 9.99999984999999E-10 9.99999984999999E-10 9.99999984999999E-10 9.99999984999999E-10 9.99999984999999E-10 9.99999984999999E-10 9.99999984999999E-10 9.99999984999999E-10 9.99999984999999E-10
271 0.999999984999999 9.99999984999999E-10 9.99999984999999E-10 9.99999984999999E-10 9.99999984999999E-10 9.99999984999999E-10 9.99999984999999E-10 9.99999984999999E-10 9.99999984999999E-10 9.99999984999999E-10 9.99999984999999E-10 9.99999984999999E-10 9.99999984999999E-10 9.99999984999999E-10 9.99999984999999E-10 9.99999984999999E-10
272 0.999999984999999 9.99999984999999E-10 9.99999984999999E-10 9.99999984999999E-10 9.99999984999999E-10 9.99999984999999E-10 9.99999984999999E-10 9.99999984999999E-10 9.99999984999999E-10 9.99999984999999E-10 9.99999984999999E-10 9.99999984999999E-10 9.99999984999999E-10 9.99999984999999E-10 9.99999984999999E-10 9.99999984999999E-10
273 0.999999984999999 9.99999984999999E-10 9.99999984999999E-10 9.99999984999999E-10 9.99999984999999E-10 9.99999984999999E-10 9.99999984999999E-10 9.99999984999999E-10 9.99999984999999E-10 9.99999984999999E-10 9.99999984999999E-10 9.99999984999999E-10 9.99999984999999E-10 9.99999984999999E-10 9.99999984999999E-10 9.99999984999999E-10
274 0.999999984999999 9.99999984999999E-10 9.99999984999999E-10 9.99999984999999E-10 9.99999984999999E-10 9.99999984999999E-10 9.99999984999999E-10 9.99999984999999E-10 9.99999984999999E-10 9.99999984999999E-10 9.99999984999999E-10 9.99999984999999E-10 9.99999984999999E-10 9.99999984999999E-10 9.99999984999999E-10 9.99999984999999E-10
275 0.999999984999999 9.99999984999999E-10 9.99999984999999E-10 9.99999984999999E-10 9.99999984999999E-10 9.99999984999999E-10 9.99999984999999E-10 9.99999984999999E-10 9.99999984999999E-10 9.99999984999999E-10 9.99999984999999E-10 9.99999984999999E-10 9.99999984999999E-10 9.99999984999999E-10 9.99999984999999E-10 9.99999984999999E-10
276 0.999999984999999 9.99999984999999E-10 9.99999984999999E-10 9.99999984999999E-10 9.99999984999999E-10 9.99999984999999E-10 9.99999984999999E-10 9.99999984999999E-10 9.99999984999999E-10 9.99999984999999E-10 9.99999984999999E-10 9.99999984999999E-10 9.99999984999999E-10 9.99999984999999E-10 9.99999984999999E-10 9.99999984999999E-10
277 0.999999984999999 9.99999984999999E-10 9.99999984999999E-10 9.99999984999999E-10 9.99999984999999E-10 9.99999984999999E-10 9.99999984999999E-10 9.99999984999999E-10 9.99999984999999E-10 9.99999984999999E-10 9.99999984999999E-10 9.99999984999999E-10 9.99999984999999E-10 9.99999984999999E-10 9.99999984999999E-10 9.99999984999999E-10
278 0.999999984999999 9.99999984999999E-10 9.99999984999999E-10 9.99999984999999E-10 9.99999984999999E-10 9.99999984999999E-10 9.99999984999999E-10 9.99999984999999E-10 9.99999984999999E-10 9.99999984999999E-10 9.99999984999999E-10 9.99999984999999E-10 9.99999984999999E-10 9.99999984999999E-10 9.99999984999999E-10 9.99999984999999E-10
279 0.999999984999999 9.99999984999999E-10 9.99999984999999E-10 9.99999984999999E-10 9.99999984999999E-10 9.99999984999999E-10 9.99999984999999E-10 9.99999984999999E-10 9.99999984999999E-10 9.99999984999999E-10 9.99999984999999E-10 9.99999984999999E-10 9.99999984999999E-10 9.99999984999999E-10 9.99999984999999E-10 9.99999984999999E-10
280 0.999999984999999 9.99999984999999E-10 9.99999984999999E-10 9.99999984999999E-10 9.99999984999999E-10 9.99999984999999E-10 9.99999984999999E-10 9.99999984999999E-10 9.99999984999999E-10 9.99999984999999E-10 9.99999984999999E-10 9.99999984999999E-10 9.99999984999999E-10 9.99999984999999E-10 9.99999984999999E-10 9.99999984999999E-10
281 0.999999984999999 9.99999984999999E-10 9.99999984999999E-10 9.99999984999999E-10 9.99999984999999E-10 9.99999984999999E-10 9.99999984999999E-10 9.99999984999999E-10 9.99999984999999E-10 9.99999984999999E-10 9.99999984999999E-10 9.99999984999999E-10 9.99999984999999E-10 9.99999984999999E-10 9.99999984999999E-10 9.99999984999999E-10
282 0.999999984999999 9.99999984999999E-10 9.99999984999999E-10 9.99999984999999E-10 9.99999984999999E-10 9.99999984999999E-10 9.99999984999999E-10 9.99999984999999E-10 9.99999984999999E-10 9.99999984999999E-10 9.99999984999999E-10 9.99999984999999E-10 9.99999984999999E-10 9.99999984999999E-10 9.99999984999999E-10 9.99999984999999E-10
283 0.999999984999999 9.99999984999999E-10 9.99999984999999E-10 9.99999984999999E-10 9.99999984999999E-10 9.99999984999999E-10 9.99999984999999E-10 9.99999984999999E-10 9.99999984999999E-10 9.99999984999999E-10 9.99999984999999E-10 9.99999984999999E-10 9.99999984999999E-10 9.99999984999999E-10 9.99999984999999E-10 9.99999984999999E-10
284 0.999999984999999 9.99999984999999E-10 9.99999984999999E-10 9.99999984999999E-10 9.99999984999999E-10 9.99999984999999E-10 9.99999984999999E-10 9.99999984999999E-10 9.99999984999999E-10 9.99999984999999E-10 9.99999984999999E-10 9.99999984999999E-10 9.99999984999999E-10 9.99999984999999E-10 9.99999984999999E-10 9.99999984999999E-10
285 0.999999984999999 9.99999984999999E-10 9.99999984999999E-10 9.99999984999999E-10 9.99999984999999E-10 9.99999984999999E-10 9.99999984999999E-10 9.99999984999999E-10 9.99999984999999E-10 9.99999984999999E-10 9.99999984999999E-10 9.99999984999999E-10 9.99999984999999E-10 9.99999984999999E-10 9.99999984999999E-10 9.99999984999999E-10
286 0.999999984999999 9.99999984999999E-10 9.99999984999999E-10 9.99999984999999E-10 9.99999984999999E-10 9.99999984999999E-10 9.99999984999999E-10 9.99999984999999E-10 9.99999984999999E-10 9.99999984999999E-10 9.99999984999999E-10 9.99999984999999E-10 9.99999984999999E-10 9.99999984999999E-10 9.99999984999999E-10 9.99999984999999E-10
287 0.999999984999999 9.99999984999999E-10 9.99999984999999E-10 9.99999984999999E-10 9.99999984999999E-10 9.99999984999999E-10 9.99999984999999E-10 9.99999984999999E-10 9.99999984999999E-10 9.99999984999999E-10 9.99999984999999E-10 9.99999984999999E-10 9.99999984999999E-10 9.99999984999999E-10 9.99999984999999E-10 9.99999984999999E-10
288 0.999999984999999 9.99999984999999E-10 9.99999984999999E-10 9.99999984999999E-10 9.99999984999999E-10 9.99999984999999E-10 9.99999984999999E-10 9.99999984999999E-10 9.99999984999999E-10 9.99999984999999E-10 9.99999984999999E-10 9.99999984999999E-10 9.99999984999999E-10 9.99999984999999E-10 9.99999984999999E-10 9.99999984999999E-10
289 0.999999984999999 9.99999984999999E-10 9.99999984999999E-10 9.99999984999999E-10 9.99999984999999E-10 9.99999984999999E-10 9.99999984999999E-10 9.99999984999999E-10 9.99999984999999E-10 9.99999984999999E-10 9.99999984999999E-10 9.99999984999999E-10 9.99999984999999E-10 9.99999984999999E-10 9.99999984999999E-10 9.99999984999999E-10
290 0.999999984999999 9.99999984999999E-10 9.99999984999999E-10 9.99999984999999E-10 9.99999984999999E-10 9.99999984999999E-10 9.99999984999999E-10 9.99999984999999E-10 9.99999984999999E-10 9.99999984999999E-10 9.99999984999999E-10 9.99999984999999E-10 9.99999984999999E-10 9.99999984999999E-10 9.99999984999999E-10 9.99999984999999E-10
291 0.999999984999999 9.99999984999999E-10 9.99999984999999E-10 9.99999984999999E-10 9.99999984999999E-10 9.99999984999999E-10 9.99999984999999E-10 9.99999984999999E-10 9.99999984999999E-10 9.99999984999999E-10 9.99999984999999E-10 9.99999984999999E-10 9.99999984999999E-10 9.99999984999999E-10 9.99999984999999E-10 9.99999984999999E-10
292 0.999999984999999 9.99999984999999E-10 9.99999984999999E-10 9.99999984999999E-10 9.99999984999999E-10 9.99999984999999E-10 9.99999984999999E-10 9.99999984999999E-10 9.99999984999999E-10 9.99999984999999E-10 9.99999984999999E-10 9.99999984999999E-10 9.99999984999999E-10 9.99999984999999E-10 9.99999984999999E-10 9.99999984999999E-10
293 0.999999984999999 9.99999984999999E-10 9.99999984999999E-10 9.99999984999999E-10 9.99999984999999E-10 9.99999984999999E-10 9.99999984999999E-10 9.99999984999999E-10 9.99999984999999E-10 9.99999984999999E-10 9.99999984999999E-10 9.99999984999999E-10 9.99999984999999E-10 9.99999984999999E-10 9.99999984999999E-10 9.99999984999999E-10
294 0.999999984999999 9.99999984999999E-10 9.99999984999999E-10 9.99999984999999E-10 9.99999984999999E-10 9.99999984999999E-10 9.99999984999999E-10 9.99999984999999E-10 9.99999984999999E-10 9.99999984999999E-10 9.99999984999999E-10 9.99999984999999E-10 9.99999984999999E-10 9.99999984999999E-10 9.99999984999999E-10 9.99999984999999E-10
295 0.999999984999999 9.99999984999999E-10 9.99999984999999E-10 9.99999984999999E-10 9.99999984999999E-10 9.99999984999999E-10 9.99999984999999E-10 9.99999984999999E-10 9.99999984999999E-10 9.99999984999999E-10 9.99999984999999E-10 9.99999984999999E-10 9.99999984999999E-10 9.99999984999999E-10 9.99999984999999E-10 9.99999984999999E-10
296 0.999999984999999 9.99999984999999E-10 9.99999984999999E-10 9.99999984999999E-10 9.99999984999999E-10 9.99999984999999E-10 9.99999984999999E-10 9.99999984999999E-10 9.99999984999999E-10 9.99999984999999E-10 9.99999984999999E-10 9.99999984999999E-10 9.99999984999999E-10 9.99999984999999E-10 9.99999984999999E-10 9.99999984999999E-10
297 0.999999984999999 9.99999984999999E-10 9.99999984999999E-10 9.99999984999999E-10 9.99999984999999E-10 9.99999984999999E-10 9.99999984999999E-10 9.99999984999999E-10 9.99999984999999E-10 9.99999984999999E-10 9.99999984999999E-10 9.99999984999999E-10 9.99999984999999E-10 9.99999984999999E-10 9.99999984999999E-10 9.99999984999999E-10
298 0.999999984999999 9.99999984999999E-10 9.99999984999999E-10 9.99999984999999E-10 9.99999984999999E-10 9.99999984999999E-10 9.99999984999999E-10 9.99999984999999E-10 9.99999984999999E-10 9.99999984999999E-10 9.99999984999999E-10 9.99999984999999E-10 9.99999984999999E-10 9.99999984999999E-10 9.99999984999999E-10 9.99999984999999E-10
